141.8059 46.8397 3.08 201.507 -8.845 -192.661 -8.042 -44.757 -25.758 16 0 0 
147.4461 18.84 34.15 20.430 -37.521 17.091 4.844 99.457 -107.311 16 0 0 
142.3646 38.4043 40.64 105.304 -7.123 -98.182 47.818 102.177 -35.647 16 0 0 
121.2212 19.9665 22.59 832.402 -8.198 -824.204 -219.871 -536.875 -196.501 15 0 0 
108.5373 53.3206 11.47 -34.013 -14.628 48.641 -32.047 6.749 71.259 15 0 0 
139.1478 41.6007 201.80 103.892 -101.147 -2.745 -45.139 -300.048 -254.497 15 0 0 
128.6363 27.3384 46.55 8.170 -2.720 -5.449 3.358 3.424 -5.063 17 0 0 
105.5676 32.6947 1.41 1019.670 -172.817 -846.855 298.295 -3.092 253.438 15 0 0 
124.37 13.07 9.79 -2.909 8.560 -5.651 -1.303 1.819 7.697 17 0 0 
98.3157 52.1615 17.93 6.134 12.760 -18.894 5.942 2.165 25.238 16 0 0 
97.9967 24.9215 8.52 -13.882 27.974 -14.092 28.718 4.091 89.884 16 0 0 
104.0117 51.7641 19.61 -14.815 22.471 -7.656 -10.966 10.832 10.857 17 0 0 
102.0393 26.1872 15.05 1.457 -22.503 21.046 3.374 -9.811 -59.673 16 0 0 
140.5017 41.4685 145.11 -20.793 19.176 1.616 -5.800 14.828 22.345 16 0 0 
138.88 30.21 393.77 -24.752 27.424 -2.672 7.443 -31.496 -18.552 16 0 0 
90.4999 29.6551 8.83 -3066.800 3.683 3063.120 -975.008 659.451 1506.450 15 0 0 
95.7597 37.5133 23.95 203.103 -252.179 49.076 178.482 -49.972 7.169 16 0 0 
145.997 19.1667 114.94 -1.428 6.055 -4.627 -5.399 4.091 1.530 17 0 0 
120.6441 57.4874 4.36 -126.478 119.613 6.864 -53.266 16.778 18.428 15 0 0 
126.9241 27.3412 154.02 -3.221 -1.353 4.574 -2.312 -4.352 -3.007 17 0 0 
155.59 50.64 151.84 -2.160 -529.000 531.000 -1150.000 -1990.000 -538.000 15 0 0 
143.24 22.7 120.17 142.664 -92.442 -50.222 -67.662 9.647 -92.886 15 0 0 
94.7873 24.2665 102.10 119.206 -181.231 62.025 -46.053 -73.660 4.888 15 0 0 
140.18 41.05 170.82 -70.900 -25.500 96.300 44.500 81.000 -7.070 15 0 0 
130.1828 31.0794 162.60 12.867 -6.245 -6.623 3.494 17.847 -7.308 17 0 0 
94.7389 24.2893 103.52 3.602 -5.797 2.195 -3.915 -2.624 3.502 17 0 0 
94.8651 20.1438 74.13 15.887 -210.835 194.948 236.481 -241.927 6.852 15 0 0 
121.5996 23.5823 31.79 65.368 -20.475 -44.893 2.045 53.423 -53.291 16 0 0 
120.6079 13.7104 139.06 23.236 -3.854 -19.382 -3.198 -22.378 14.324 16 0 0 
152.77 53.44 654.82 -17.676 -10.268 27.944 -12.179 -14.204 -4.654 17 0 0 
134.93 42.12 390.36 55.200 4.790 -60.000 -20.100 -349.000 -155.000 16 0 0 
94.8473 24.319 98.93 19.730 -28.465 8.735 -13.235 -14.395 1.530 16 0 0 
141.7801 12.2954 4.82 -110.919 105.630 5.289 127.545 68.065 46.283 16 0 0 
126.47 26.64 126.21 -11.083 -18.201 29.284 -24.718 -21.683 1.229 16 0 0 
152.9555 46.6577 48.60 7.162 -8.183 1.021 7.166 -2.423 -3.697 17 0 0 
123.6603 23.3535 19.75 7.472 31.201 -38.672 17.345 5.781 -6.357 17 0 0 
144.6698 19.2589 433.22 -14.912 4.191 10.720 -3.451 1.886 -8.283 17 0 0 
94.627 22.9873 101.53 10.928 -13.087 2.160 -7.966 -11.840 -2.822 16 0 0 
141.4452 37.6197 75.59 -18.863 3.004 15.859 4.800 5.871 6.271 16 0 0 
110.1933 54.5743 31.38 -90.864 40.199 50.665 11.956 -5.252 46.833 15 0 0 
92.89 32.37 11.30 -1084.230 -1082.730 2166.960 -1544.910 -1.309 2371.720 14 0 0 
138.4619 43.2706 8.29 50.781 -7.105 -43.675 -2.143 -15.171 -16.476 16 0 0 
141.2828 29.5795 94.04 105.515 -5.620 -99.895 -21.488 107.782 -39.361 16 0 0 
96.28 33.2 11.08 -27.270 -174.615 201.886 -5.043 14.741 318.285 15 0 0 
146.9391 43.4296 70.70 7.419 1.570 -8.988 11.885 10.293 -3.766 16 0 0 
143.0388 26.5758 15.47 230.040 -1.539 -228.501 65.177 217.134 12.802 15 0 0 
155.01 49.61 136.31 -3.570 14.500 -10.900 23.200 6.890 -11.600 16 0 0 
128.32 29.48 236.00 -13.100 10.400 2.640 -117.000 -38.000 -29.000 15 0 0 
141.6979 24.3681 99.37 57.739 -300.706 242.966 -84.315 138.538 -7.608 15 0 0 
139.94 26.94 512.00 -30.882 36.283 -5.402 21.693 -51.213 -22.390 17 0 0 
94.68 24.46 102.12 16.748 -26.250 9.502 -1.441 -13.008 11.829 17 0 0 
143.98 22.23 106.27 5.240 4.040 -9.290 -22.600 6.720 -5.230 16 0 0 
140.45 31.46 90.51 -3.370 101.000 -98.000 66.600 129.000 -25.500 15 0 0 
123.98 25.3 138.08 -22.700 -1.580 24.300 -38.700 -41.000 4.440 16 0 0 
140.0 36.4 80.59 33.400 4.380 -37.700 31.700 29.500 -11.300 16 0 0 
121.92 21.24 184.73 -5.300 -1.540 6.850 -9.180 -2.530 5.870 16 0 0 
120.68 13.67 127.70 40.400 -5.930 -34.500 2.290 13.600 7.390 16 0 0 
122.1166 9.6565 16.27 342.860 -5.662 -337.199 -50.832 -421.959 -28.039 16 0 0 
123.74 25.01 126.82 -8.140 23.300 -15.200 -75.100 -29.100 -11.700 15 0 0 
108.43 52.93 24.00 -10.800 5.740 5.010 -2.890 2.750 5.030 16 0 0 
119.82 15.11 40.41 79.293 3.323 -82.616 -24.205 -17.067 -8.216 16 0 0 
104.51 43.98 14.60 236.086 -5.884 -230.204 386.541 -63.985 1067.110 14 0 0 
140.35 26.73 439.61 -31.400 18.400 12.900 -25.800 -3.480 -10.500 16 0 0 
123.7588 54.1686 11.86 -90.054 475.188 -385.134 2.847 -235.495 884.682 15 0 0 
142.52 43.83 191.48 -7.620 9.280 -1.670 14.100 -2.470 14.000 17 0 0 
122.91 25.32 213.10 16.300 -21.700 5.410 34.300 -7.470 -6.120 16 0 0 
142.94 41.79 43.46 15.400 -3.550 -11.900 5.820 14.200 -6.840 17 0 0 
144.6 46.93 389.99 6.900 23.400 -30.300 -29.000 -33.200 -21.900 16 0 0 
95.91 51.78 14.32 1.245 -5.961 4.716 6.449 2.550 8.735 18 0 0 
96.0 51.69 20.46 8.360 -7.010 -1.350 1.290 -2.570 9.720 18 0 0 
139.31 28.23 504.11 -21.100 56.500 -35.400 1.730 -259.000 -30.600 15 0 0 
147.87 45.09 124.94 22.100 96.900 -119.000 -116.000 -263.000 9.440 15 0 0 
98.58 40.66 17.47 -9.860 -41.900 51.800 -18.600 16.500 57.700 15 0 0 
122.2 24.48 80.99 4.970 1.650 -6.610 3.670 -3.320 -2.770 17 0 0 
94.45 25.4 41.07 11.400 -70.200 58.800 -5.340 -45.500 81.900 15 0 0 
138.9 47.29 506.93 34.600 8.320 -42.900 -20.500 -12.300 -8.800 16 0 0 
125.06 25.77 140.60 -5.810 -5.000 10.800 -10.100 -5.470 -6.690 16 0 0 
139.19 29.07 443.04 -1.210 4.580 -3.370 3.530 -7.840 -2.950 17 0 0 
137.91 29.79 506.00 -34.000 11.000 23.000 6.080 -31.800 26.600 16 0 0 
94.8 22.29 142.17 7.450 -12.500 5.060 -14.800 -6.930 8.990 16 0 0 
94.95 25.09 105.90 59.200 -48.100 -11.100 5.170 -18.900 41.600 16 0 0 
99.55 30.95 21.19 -22.500 250.000 -228.000 -21.700 2.250 162.000 15 0 0 
140.83 44.45 248.28 -1030.000 9.510 1020.000 848.000 215.000 -940.000 14 0 0 
139.39 36.89 12.83 -5.480 32.600 -27.100 -4.990 -1.210 -55.500 16 0 0 
157.71 50.61 44.29 11.400 -3.490 -7.890 2.610 4.460 -5.450 16 0 0 
131.02 42.77 571.87 6.560 -2.500 -4.070 1.030 -30.900 4.510 17 0 0 
131.05 42.82 575.15 23.800 -8.550 -15.200 2.890 -51.800 10.100 16 0 0 
134.69 34.43 18.43 57.200 1.860 -59.000 -4.160 -58.200 11.600 16 0 0 
103.12 30.22 21.87 95.000 -11.300 -83.700 -3.900 15.600 -45.200 17 0 0 
138.88 30.02 429.84 -13.400 15.800 -2.450 1.480 -10.200 5.640 17 0 0 
143.95 22.01 156.13 9.730 -3.560 -6.170 -2.850 17.900 -16.900 16 0 0 
145.22 46.97 378.01 1.170 3.110 -4.280 -4.680 -3.470 -1.780 17 0 0 
148.12 47.86 389.29 -3.490 243.000 -240.000 188.000 -361.000 -131.000 15 0 0 
133.65 42.19 454.68 -5.320 -20.800 26.100 5.980 -399.000 49.400 15 0 0 
138.79 30.02 412.03 -28.000 25.600 2.340 24.100 -61.700 -16.400 17 0 0 
122.31 20.24 187.68 -7.590 3.460 4.120 -5.180 2.420 7.170 17 0 0 
141.72 12.14 115.64 53.200 -54.600 1.390 106.000 -80.200 -6.260 16 0 0 
136.86 34.35 339.93 30.700 -4.440 -26.200 13.300 -28.200 7.400 16 0 0 
145.18 18.54 515.23 -1260.000 227.000 1030.000 -8.290 475.000 272.000 15 0 0 
159.29 52.85 97.08 21.200 1.850 -23.000 -64.200 -153.000 -21.200 15 0 0 
106.39 39.74 25.60 -8.900 -22.200 31.100 31.100 -6.680 200.000 15 0 0 
139.94 31.47 12.00 44.400 -27.300 -17.200 -10.600 -28.100 -8.260 16 0 0 
139.85 27.68 458.51 -45.600 22.000 23.600 -4.820 -48.300 -40.600 17 0 0 
159.37 55.67 283.88 -281.000 -9.510 291.000 91.200 -243.000 36.900 15 0 0 
140.19 27.16 317.73 -19.800 21.400 -1.590 -39.500 4.650 1.800 16 0 0 
145.26 18.82 582.48 -87.800 -25.500 113.000 -50.400 -9.880 -10.300 16 0 0 
124.38 12.93 111.77 3.550 4.660 -8.200 -7.370 1.410 7.060 16 0 0 
129.75 44.83 587.42 24.300 8.000 -32.300 -35.000 -36.600 -40.500 16 0 0 
101.68 37.67 14.31 87.200 -16.600 -70.600 1.960 9.190 44.300 16 0 0 
138.67 30.43 421.51 -40.000 41.100 -1.100 29.300 -12.900 13.800 16 0 0 
131.12 33.0 13.24 9.750 221.000 -231.000 15.900 -51.200 8.830 15 0 0 
147.65 43.66 74.13 -9.010 29.900 -20.900 26.600 18.700 -26.300 16 0 0 
141.91 24.98 522.70 -12.700 5.020 7.680 -5.040 -26.400 -13.700 17 0 0 
142.3 50.45 12.47 42.800 -5.010 -37.800 6.340 -32.200 20.100 16 0 0 
138.89 29.95 408.84 -6.590 16.900 -10.300 23.300 -10.800 5.830 16 0 0 
137.78 30.69 473.24 -2.810 6.580 -3.770 4.570 -3.800 4.050 17 0 0 
129.12 35.79 20.06 2.280 15.500 -17.800 7.240 -2.590 13.900 16 0 0 
140.02 27.36 491.11 -3.710 -1.840 5.560 1.660 -49.700 -44.500 16 0 0 
125.89 10.17 71.71 9.500 14.200 -23.700 64.900 -156.000 -11.400 15 0 0 
92.03 23.98 24.47 -8.160 -242.000 250.000 -16.700 14.100 196.000 15 0 0 
125.48 9.84 20.33 -1.380 33.100 -31.700 -17.500 -18.700 -24.800 16 0 0 
145.31 14.32 107.62 -15.500 12.800 2.760 9.260 -20.200 -8.200 16 0 0 
124.02 9.33 544.58 -2.100 -4.650 6.750 -8.750 3.850 -3.600 17 0 0 
147.85 43.88 54.97 15.600 10.900 -26.500 15.500 7.910 -8.540 16 0 0 
139.75 27.79 459.75 -8.360 3.920 4.440 1.590 -10.200 -6.540 17 0 0 
160.22 53.11 56.92 8.600 1.010 -9.610 -4.160 -2.460 -5.310 16 0 0 
129.39 29.65 177.43 33.900 -4.380 -29.500 15.400 57.600 22.400 15 0 0 
153.01 52.62 470.55 2.430 16.900 -19.400 22.100 -8.820 -55.100 16 0 0 
146.65 13.66 18.22 -4.680 -3.220 7.900 6.450 4.480 5.630 17 0 0 
150.23 45.41 102.08 -5.780 4.640 1.140 6.320 3.560 2.700 16 0 0 
