128.083237 41.994331 7
128.198044 41.970928 7
128.125595 41.987091 7
128.621964 41.938141 7
128.791214 41.945759 7
128.318344 41.966301 7
120.289238 23.86167 7
120.308571 23.857361 7
120.325188 23.851271 7
120.346558 23.84272 7
120.362282 23.8395 7
120.382019 23.84329 7
120.400917 23.839781 7
120.418449 23.84539 7
120.440239 23.841471 7
120.461746 23.83794 7
120.48243 23.83646 7
120.5009 23.83374 7
120.519363 23.830429 7
120.540558 23.829269 7
120.556747 23.831221 7
120.577026 23.82374 7
120.596817 23.824089 7
120.616463 23.82058 7
120.638939 23.826099 7
120.651207 23.81665 7
120.675369 23.814501 7
120.692291 23.80727 7
120.711601 23.807831 7
120.733391 23.807011 7
120.754517 23.81385 7
120.773689 23.80415 7
120.795502 23.80813 7
120.813797 23.801809 7
120.831444 23.79789 7
120.851219 23.787189 7
120.873718 23.79451 7
120.894287 23.791759 7
120.911758 23.787149 7
120.940804 23.79203 7
120.954079 23.787621 7
120.974487 23.79751 7
120.99427 23.793039 7
121.010719 23.78726 7
121.030922 23.78417 7
121.048363 23.770769 7
121.064842 23.756651 7
121.088989 23.753519 7
121.1101 23.76158 7
121.132584 23.752159 7
121.145203 23.750389 7
121.164513 23.76173 7
121.187408 23.772011 7
121.205048 23.767191 7
121.220757 23.753139 7
121.233383 23.751181 7
121.345078 23.753679 7
121.364113 23.741369 7
121.37648 23.713539 7
121.395218 23.72126 7
121.416008 23.71616 7
121.438148 23.719879 7
121.455437 23.721479 7
121.474701 23.724501 7
121.497398 23.727909 7
121.515648 23.733 7
121.540619 23.74395 7
121.559692 23.744289 7
120.97718 24.867331 7
120.995529 24.86492 7
121.019791 24.853491 7
121.038399 24.84626 7
121.047592 24.82593 7
121.059929 24.810141 7
121.050453 24.79812 7
121.07386 24.785339 7
121.092682 24.76409 7
121.103149 24.74716 7
121.123161 24.73749 7
121.136459 24.72485 7
121.157562 24.716459 7
121.168442 24.70615 7
121.190628 24.697519 7
121.21376 24.70289 7
121.220169 24.68395 7
121.242302 24.679871 7
121.260651 24.67235 7
121.281822 24.667919 7
121.30204 24.65962 7
121.328133 24.66387 7
121.366547 24.67374 7
121.37571 24.66959 7
121.406326 24.65395 7
121.419243 24.6437 7
121.445137 24.642429 7
121.474899 24.651369 7
121.485023 24.625549 7
121.490639 24.605749 7
121.476158 24.575821 7
121.508171 24.545759 7
121.519012 24.531879 7
121.52169 24.52269 7
121.536392 24.49398 7
121.563522 24.49914 7
121.581581 24.516939 7
121.610443 24.51029 7
121.621971 24.504129 7
121.74543 24.455589 7
121.75161 24.465139 7
121.767738 24.46604 7
121.777573 24.470619 7
121.788788 24.45875 7
121.7966 24.441759 7
120.172867 23.54174 7
120.185242 23.52549 7
120.20771 23.51828 7
120.215714 23.51285 7
120.239799 23.502029 7
120.266037 23.500959 7
120.276451 23.49402 7
120.291817 23.48531 7
120.30954 23.46718 7
120.331207 23.46707 7
120.347328 23.455549 7
120.364098 23.453899 7
120.383743 23.438471 7
120.406776 23.431009 7
120.414673 23.43626 7
120.435341 23.42317 7
120.453621 23.410721 7
120.479492 23.426121 7
120.509087 23.417801 7
120.512932 23.4034 7
120.530518 23.382311 7
120.538689 23.37792 7
120.574379 23.377359 7
120.580116 23.36072 7
120.61525 23.36548 7
120.612152 23.31432 7
120.629822 23.306881 7
120.650192 23.294571 7
120.666977 23.295839 7
120.689857 23.290409 7
120.693932 23.26939 7
120.711014 23.27268 7
120.846481 23.285009 7
120.867218 23.280451 7
120.889748 23.28285 7
120.91684 23.27813 7
120.927017 23.25828 7
120.942978 23.259701 7
120.983917 23.237711 7
121.005211 23.237181 7
121.03418 23.20701 7
121.025093 23.187201 7
121.041359 23.17321 7
121.063133 23.155581 7
121.077766 23.14703 7
121.097687 23.14163 7
121.117859 23.13233 7
121.133347 23.13324 7
121.153954 23.12812 7
121.168953 23.116699 7
121.203522 23.101431 7
121.218224 23.074949 7
121.231201 23.065689 7
121.283096 23.030649 7
121.299072 23.02507 7
120.257942 22.733219 7
120.280663 22.733829 7
120.296837 22.73736 7
120.316032 22.729309 7
120.338562 22.73329 7
120.355263 22.73967 7
120.374008 22.73844 7
120.386864 22.71929 7
120.418167 22.72965 7
120.43116 22.73065 7
120.451263 22.72957 7
120.479019 22.73077 7
120.492554 22.7297 7
120.511993 22.727831 7
120.535233 22.73678 7
120.55011 22.736919 7
120.568962 22.7248 7
120.586853 22.730431 7
120.608681 22.73167 7
120.64003 22.744249 7
120.667908 22.730181 7
120.68222 22.751511 7
120.70562 22.75036 7
120.726013 22.749809 7
120.743462 22.744631 7
120.758507 22.728661 7
120.776749 22.731741 7
120.796288 22.72048 7
120.812866 22.718571 7
120.984703 22.73893 7
120.993309 22.748699 7
121.002701 22.752359 7
121.016724 22.75835 7
121.040649 22.72617 7
121.059967 22.739401 7
121.076721 22.733999 7
121.097816 22.72953 7
121.113724 22.740919 7
121.132729 22.733021 7
120.409149 22.768169 7
111.857201 42.203701 4
111.874901 42.0378 4
111.898903 41.873501 4
111.886703 41.705399 4
111.9189 41.5196 4
111.940903 41.3503 4
111.990303 41.1646 4
111.973801 40.972099 4
111.9655 40.8209 4
112.039902 40.639801 4
112.041603 40.466599 4
112.098801 40.2934 4
112.073303 40.143799 4
112.099098 39.959702 4
112.131203 39.7924 4
112.148804 39.616199 4
112.147797 39.4328 4
112.194298 39.264 4
112.152 39.089298 4
112.179901 38.9016 4
112.178802 38.6991 4
112.185097 38.484901 4
112.196198 38.2943 4
112.0951 38.183998 4
111.951599 37.998798 4
111.822899 37.843201 4
111.715103 37.720299 4
111.585602 37.5509 4
111.457901 37.397598 4
111.588699 37.237598 4
111.674797 37.022499 4
111.8228 36.8204 4
111.775703 36.673302 4
111.8424 36.509201 4
111.854401 36.292999 4
111.883797 36.105999 4
111.921799 35.925301 4
111.946899 35.766201 4
111.854301 35.530499 4
111.681999 35.412102 4
111.628304 35.225101 4
111.5485 35.042801 4
111.4011 34.9002 4
111.345596 34.6931 4
111.2239 34.554199 4
111.1978 34.368698 4
111.093597 34.230099 4
110.997299 34.050598 4
110.951599 33.911999 4
110.887497 33.747799 4
110.789101 33.5984 4
110.697197 33.416302 4
110.642403 33.2747 4
110.467003 33.104401 4
110.383904 32.966599 4
110.376503 32.863201 4
110.334099 32.674801 4
110.261299 32.527 4
110.265404 32.368099 4
110.185097 32.248199 4
110.149338 32.091469 4
110.081253 31.96895 4
110.016518 31.850651 4
109.91172 31.70208 4
108.481499 11.952 7
97.5 31.0 7
103.757797 30.91 7
125.260002 43.48 7
121.627998 38.905998 7
94.814499 36.198399 7
99.816704 39.400002 7
106.664001 26.459999 7
113.652496 23.6525 7
127.410004 50.252998 7
111.564003 40.849998 7
112.470001 34.549999 7
103.844398 36.087002 7
92.25 32.25 7
118.854401 32.051701 7
123.578003 41.827801 7
117.124001 36.209999 7
98.519997 25.028999 7
114.353897 30.542801 7
116.079002 43.900002 7
161.208 56.568 7
160.6961 55.9399 7
160.49 55.935 7
160.4965 55.965 7
160.748 56.115 7
158.6948 55.9322 7
162.7127 56.2584 7
162.819 56.208 7
160.342 55.953 7
160.8574 56.3167 7
160.247 55.756 7
159.8721 56.0576 7
160.222 55.966 7
160.565 56.217 7
159.449 54.036 7
160.2938 55.1132 7
160.69 56.083 7
161.73 54.556 7
161.468 56.582 7
159.693 56.319 7
161.168 56.654 7
160.146 55.283 7
160.3989 55.2026 7
160.803 56.017 7
137.029007 35.349998 7
114.141502 22.277599 7
116.1679 40.018299 7
109.4944 30.276199 7
119.741402 49.270401 7
102.739998 25.123301 7
91.126999 29.7031 7
129.590805 44.617001 7
109.844498 19.0291 7
121.190804 31.094801 7
87.704903 43.813801 7
108.923698 34.0313 7
143.157196 42.014999 7
103.643799 51.680698 7
98.942902 18.4575 7
127.884399 37.442101 7
138.209 36.541698 7
157.698898 53.1082 7
106.394997 47.834702 7
131.9888 44.199799 7
84.818802 53.948101 7
92.743919 11.655733 7
91.855949 25.566816 7
98.944298 18.8141 7
125.579102 7.0697 7
144.868393 13.5893 7
126.623901 37.4776 7
150.770004 59.5756 7
138.204056 36.54567 7
158.649902 53.0233 7
121.497101 24.973499 7
107.0532 47.865101 7
129.680496 62.030998 7
142.760406 46.958698 7
142.593002 44.118801 7
142.184494 27.095699 7
142.184494 27.095699 7
143.153503 42.018501 7
141.446167 42.84267 7
137.354172 35.604 7
139.813797 33.115299 7
133.113663 35.001831 7
142.593002 44.118801 7
125.292503 24.8183 7
125.292503 24.8183 7
140.789673 37.868999 7
133.876328 33.731499 7
131.223663 25.81983 7
130.876694 33.125 7
128.272507 26.836 7
138.257172 38.040001 7
138.182999 34.67767 7
130.452667 31.509331 7
141.064667 40.789501 7
129.396332 34.5275 7
135.398666 35.285671 7
140.190674 36.230831 7
123.011299 24.467199 7
91.156708 27.260258 7
90.509239 27.497847 7
89.898758 27.503237 7
129.112503 35.2486 7
127.9748 36.873001 7
127.3964 35.421299 7
128.252502 38.2686 7
126.917099 37.4939 7
145.674606 16.3416 7
145.711502 16.3412 7
145.645996 16.365299 7
145.716202 16.358 7
145.673401 16.3417 7
145.673401 16.3417 7
145.789093 15.24082 7
145.791718 15.23389 7
145.786255 15.22511 7
145.798508 15.23166 7
145.764404 18.123791 7
145.786499 18.152769 7
145.72644 18.072479 7
145.774597 18.16172 7
145.775482 18.11516 7
145.795609 18.120449 7
145.777908 18.137758 7
145.751602 15.2148 7
145.779495 16.700199 7
93.599503 22.642099 7
96.340195 24.179361 7
99.589798 21.2857 7
96.112297 22.016199 7
94.916618 21.205721 7
92.885201 20.1332 7
97.034073 20.768545 7
94.300301 24.229601 7
96.153397 16.864799 7
116.833298 6.9167 7
120.579697 16.410801 7
140.917297 31.4007 7
153.977997 24.290001 7
142.203003 27.056999 7
140.109695 36.2108 7
108.481499 11.952 7
92.885201 20.1332 7
103.906708 21.325247 7
120.455002 17.552 7
145.751907 15.2143 7
102.352654 12.74415 7
99.045258 19.932478 7
98.944328 18.813829 7
100.373436 20.228928 7
101.624397 17.509279 7
97.963226 19.31485 7
101.3209 14.31523 7
103.145699 18.063459 7
104.612198 17.1476 7
100.96875 16.573481 7
100.229324 18.498913 7
99.792877 12.47263 7
99.121246 14.39476 7
99.629448 9.16634 7
100.606758 13.6684 7
105.469498 15.2773 7
121.529198 25.1828 7
121.174004 24.0602 7
121.423897 23.4921 7
118.388199 24.4638 7
121.558098 22.0373 7
119.945602 26.151501 7
121.594704 24.1738 7
119.580101 23.5114 7
120.359398 23.8911 7
120.954002 23.7876 7
121.488098 24.975401 7
121.158302 24.252701 7
120.629601 23.300501 7
121.079903 22.817699 7
120.8125 21.940901 7
116.730598 20.701 7
114.364998 10.3774 7
121.781601 25.071501 7
121.375702 24.6695 7
121.297096 23.3925 7
94.873199 36.432701 6
94.023697 36.544498 6
91.744301 37.023602 6
92.948601 36.812099 6
96.494003 36.435799 6
95.737503 36.4468 6
94.138802 32.972698 6
94.403198 35.6987 6
92.433998 34.280701 6
92.2509 33.861198 6
91.844299 33.257599 6
91.859802 32.7864 6
91.263298 32.101898 6
95.831596 34.1758 6
97.910599 35.086201 6
96.166702 34.776199 6
94.780502 34.924198 6
93.961098 35.115398 6
97.923401 34.370701 6
97.205399 34.0555 6
97.276703 33.408798 6
97.113197 33.012299 6
96.0821 32.950199 6
95.437401 32.8512 6
96.363503 33.2906 6
95.841904 33.724899 6
94.700897 32.894199 6
94.918404 34.2672 6
95.264503 31.542101 6
96.471497 31.160999 6
96.511703 31.994499 6
96.394203 32.459202 6
96.3041 34.053501 6
97.102402 33.833 6
95.973099 32.331402 6
95.913399 31.2393 6
94.6493 31.557199 6
93.783699 31.874701 6
92.423302 31.694901 6
91.710503 32.386101 6
96.385002 36.209301 6
96.956497 36.269402 6
97.978401 35.903702 6
97.491203 35.941399 6
98.407898 35.6605 6
98.119797 36.282299 6
98.9627 36.7663 6
99.393303 37.606201 6
98.631798 37.677601 6
99.1651 38.161598 6
98.230499 37.336201 6
97.653999 36.972698 6
96.750801 37.3484 6
96.001602 37.524101 6
94.776604 37.372299 6
94.551804 38.0336 6
93.655899 37.6805 6
92.136803 38.2561 6
94.3536 38.804901 6
94.272797 39.581501 6
93.488998 39.755901 6
94.904404 39.506302 6
145.652893 18.7362 7
145.821198 17.6124 7
149.281494 16.040501 7
148.334305 16.515301 7
147.979797 16.172899 7
147.531204 16.499901 7
146.958603 16.6626 7
146.802795 17.2486 7
147.601196 17.2096 7
148.180405 17.428801 7
148.512405 16.9986 7
149.580994 16.7971 7
149.650101 17.5944 7
148.591705 17.631901 7
147.530807 17.8734 7
146.747803 17.9988 7
146.902695 18.5613 7
147.509705 18.2295 7
147.9375 18.4245 7
148.492706 18.6635 7
148.521194 18.102501 7
149.454498 18.4828 7
145.744003 15.1866 7
149.478195 18.1954 7
149.444702 18.0172 7
149.409607 17.8391 7
149.300003 17.3333 7
149.279205 17.167 7
149.248001 16.9988 7
149.214203 16.8325 7
149.148605 16.4874 7
149.116196 16.311199 7
145.832901 17.3102 7
147.435394 16.564899 7
147.470795 17.2999 7
147.744293 17.482599 7
148.199997 17.116699 7
148.850006 17.299999 7
147.266693 17.483299 7
147.3125 18.209101 7
148.033295 18.3333 7
146.390396 17.870001 7
146.569595 17.869301 7
146.75 17.866699 7
146.934692 17.867701 7
147.144699 17.8657 7
147.333694 17.864799 7
147.532104 17.8748 7
147.699997 17.85 7
147.900803 17.8596 7
148.083298 17.85 7
148.279907 17.8556 7
148.466705 17.85 7
148.649994 17.85 7
148.833298 17.8333 7
149.033295 17.8333 7
149.224396 17.8426 7
149.600006 17.8333 7
149.783295 17.8167 7
149.979706 17.826799 7
145.7612 18.1243 7
146.449997 17.0833 7
146.616394 17.075001 7
146.781998 17.0495 7
146.951004 17.024099 7
147.170105 16.9848 7
147.324799 16.966299 7
147.5 16.9333 7
147.693405 16.9079 7
147.883301 16.866699 7
148.065094 16.848801 7
148.25 16.8167 7
148.433304 16.7833 7
148.805405 16.7297 7
148.990601 16.6989 7
149.166702 16.65 7
149.350006 16.633301 7
149.533295 16.6 7
149.716705 16.5667 7
145.751907 15.2149 7
145.778 16.7153 7
146.916702 18.383301 7
146.916702 18.2167 7
146.9263 18.2202 7
146.931 18.040001 7
146.933304 17.6833 7
146.940994 17.525999 7
146.944504 17.3645 7
146.9487 17.193899 7
146.949997 16.8333 7
92.192001 23.162001 7
92.375 22.725599 7
89.875 24.457001 7
91.008698 23.4904 7
90.219002 24.070999 7
92.199997 21.775 7
90.057999 23.815001 7
90.029999 24.604 7
90.170998 24.319 7
89.921997 24.275999 7
93.616096 45.363998 3
94.361504 45.560001 3
94.805901 45.8312 3
95.267097 46.271099 3
95.6689 46.506302 3
96.511398 46.349998 3
96.1586 45.927601 3
95.875702 45.562401 3
95.556702 44.934898 3
94.906502 44.6194 3
96.014099 44.663502 3
96.270103 44.992001 3
96.635902 45.355598 3
97.167297 45.735199 3
102.861603 46.8722 3
102.406898 46.886398 3
102.547203 46.515701 3
102.093597 46.349602 3
101.593903 46.124599 3
100.747299 46.233299 3
100.886597 45.9445 3
100.730202 45.716801 3
100.5718 45.413898 3
100.826103 46.416698 3
100.907501 46.5937 3
100.9412 46.692699 3
100.903801 46.799999 3
100.807701 46.875801 3
100.949097 47.072601 3
101.012703 47.189098 3
101.157898 47.284801 3
101.290604 47.3825 3
101.322601 47.514702 3
101.451401 47.736698 3
101.346397 47.740002 3
101.433296 47.967701 3
101.752502 47.134102 3
100.532501 47.509899 3
100.070099 47.305 3
99.406097 47.003502 3
98.736298 47.1796 3
98.400703 47.319199 3
97.975998 47.313702 3
97.604401 47.207001 3
97.711998 47.307201 3
97.731796 47.450298 3
97.902603 47.5476 3
98.022003 47.593899 3
98.335602 47.728001 3
98.339897 47.844501 3
98.448402 47.890999 3
98.626602 48.0159 3
98.8675 48.0905 3
99.051498 48.049999 3
99.174896 48.212299 3
99.400002 48.242298 3
99.461197 48.378799 3
99.382202 48.520302 3
99.427597 47.849201 3
99.139801 47.675201 3
100.059097 46.828499 3
100.144203 46.145901 3
100.4235 46.431801 3
97.608299 46.209202 3
97.373398 46.354599 3
97.295097 46.572201 3
97.187798 46.796299 3
97.2938 47.029301 3
96.803398 47.499901 3
98.650497 47.4025 3
99.407997 48.691799 3
96.963699 48.251701 3
97.672501 48.41 3
98.2948 48.467899 3
99.826202 48.1842 3
99.744102 47.958401 3
100.303902 48.033298 3
100.2435 47.7547 3
98.086998 46.8134 3
99.051201 46.349701 3
102.444702 44.403 3
100.399597 44.747898 3
98.029297 45.389599 3
95.316498 45.5462 3
103.635696 48.7351 3
101.357101 49.4953 3
99.152298 49.500999 3
96.357101 49.3102 3
99.331497 51.392799 3
99.349503 51.146301 3
99.150002 50.994099 3
99.197502 50.680199 3
99.313301 50.3839 3
98.9758 50.178902 3
99.667999 51.113998 3
100.006897 51.079201 3
99.501602 50.162201 3
100.448601 51.572102 3
100.193604 50.631599 3
100.169296 50.456001 3
100.060699 50.1147 3
100.398499 50.535099 3
100.621498 50.572201 3
100.729202 50.982601 3
100.730202 51.096298 3
100.779198 51.427898 3
100.522499 50.2491 3
99.446602 49.916 3
100.625198 49.848999 3
100.930496 50.465599 3
101.858498 50.623299 3
101.509903 50.536201 3
100.244499 51.336399 3
100.798599 50.785099 3
91.741096 24.1866 7
91.694298 24.2239 7
91.6567 24.241501 7
91.583397 24.2369 7
91.566002 24.2087 7
91.515404 24.1896 7
91.497498 24.1371 7
91.398804 24.1327 7
91.315697 24.117201 7
91.225899 24.0271 7
91.148102 24.0515 7
91.089699 24.083401 7
90.962502 24.0888 7
90.848297 24.0452 7
90.769096 24.003401 7
90.701401 23.954599 7
90.593002 23.9473 7
90.514503 23.922001 7
90.420601 23.9338 7
90.0578 23.815399 7
92.163597 24.538 7
91.796799 24.4722 7
91.484001 24.6952 7
91.244598 24.5464 7
90.816002 24.433399 7
90.403198 24.2931 7
90.807999 23.5856 7
90.387802 23.5492 7
160.488098 56.014198 7
160.574799 55.983398 7
160.7005 55.981499 7
160.588898 55.957001 7
160.606705 55.987499 7
160.634796 55.967899 7
160.538193 55.9119 7
160.647903 55.9398 7
160.696106 55.939899 7
160.556793 55.958099 7
160.496506 55.965 7
122.017799 24.3216 7
122.239601 24.1646 7
122.706596 23.884399 7
121.802002 23.6369 7
122.104103 23.617701 7
122.412903 23.5065 7
122.687202 23.405899 7
122.013702 23.1735 7
122.150803 23.0914 7
121.543198 22.835199 7
122.264099 22.472601 7
122.482597 22.3466 7
120.105499 21.969801 7
122.107201 21.923 7
119.495399 21.6698 7
120.128799 21.609501 7
121.364098 21.599701 7
124.052597 42.859901 5
125.217796 42.456402 5
116.110802 42.006599 5
117.0494 41.997002 5
118.150002 42.378399 5
116.081703 42.696098 5
117.070099 42.670799 5
117.885803 42.926399 5
118.771896 42.902401 5
119.693199 42.8913 5
120.584 42.525398 5
121.5467 42.682201 5
122.410301 42.8204 5
123.286797 42.9786 5
126.654198 43.074501 5
127.816101 42.7654 5
128.738495 42.744099 5
116.123001 43.307301 5
116.958199 43.402802 5
118.803398 43.425098 5
119.677299 43.370701 5
120.602997 43.372501 5
121.495003 43.388401 5
124.318398 43.458599 5
127.615402 43.593201 5
128.753006 43.393002 5
129.674393 43.391399 5
130.547607 43.337502 5
115.956299 44.240002 5
117.053398 44.131599 5
117.916901 44.0928 5
118.983902 44.061798 5
121.568298 44.185902 5
122.349998 44.109501 5
123.258499 44.122898 5
125.339798 44.355202 5
125.961098 44.095901 5
126.914398 44.060101 5
127.910698 44.334702 5
128.336899 43.7882 5
129.6008 44.107601 5
130.556595 44.060501 5
115.991798 44.849098 5
117.062798 44.802502 5
117.814003 44.786499 5
118.763199 44.783798 5
119.708298 44.773499 5
120.704201 45.004101 5
121.738998 44.879601 5
122.845398 44.897301 5
123.727097 44.837399 5
124.540398 44.8055 5
125.969704 44.801102 5
127.598297 44.9049 5
128.710907 44.814999 5
130.543304 44.853298 5
131.201401 45.295898 5
116.163902 45.535301 5
116.9757 45.4352 5
118.027702 45.444199 5
118.806297 45.513599 5
119.954498 44.3083 5
120.576103 45.534599 5
121.4953 45.4249 5
123.222801 45.5075 5
124.142601 45.491001 5
125.9701 45.4855 5
126.877502 45.493198 5
127.818604 45.528599 5
128.742905 45.342098 5
129.736496 45.106998 5
130.535095 45.462399 5
132.497299 45.9207 5
129.689499 45.825802 5
116.634697 46.069698 5
117.915298 46.170898 5
118.801102 46.2132 5
119.6819 46.247601 5
120.635803 46.176399 5
121.460403 46.1698 5
122.507797 46.349701 5
123.2892 46.168098 5
124.207298 46.1539 5
125.0896 46.1856 5
126.056297 46.207199 5
126.915199 46.185501 5
127.879501 46.119099 5
128.559906 46.460899 5
130.531998 46.214699 5
131.426697 46.1078 5
132.831406 46.514999 5
133.655807 45.994301 5
120.731903 46.926498 5
121.514397 46.785599 5
122.430199 46.926998 5
123.343498 46.896 5
124.205902 46.893101 5
125.0522 46.879002 5
125.959297 46.897598 5
126.6297 47.312 5
128.0569 47.065601 5
128.811996 47.227402 5
129.7948 46.946201 5
131.036194 47.049599 5
131.9207 46.778099 5
133.287399 47.0196 5
119.300697 47.605301 5
120.286499 47.493698 5
121.292 47.562302 5
121.941498 47.665401 5
124.036697 47.648602 5
124.994904 47.605701 5
125.833801 47.570999 5
127.193199 47.701401 5
127.988297 47.6717 5
129.805496 47.600899 5
131.668396 47.602501 5
132.599396 47.6744 5
133.5802 47.581402 5
132.525604 47.2994 5
128.940308 43.117699 5
127.080704 43.7146 5
124.978302 44.583199 5
123.583298 45.262798 5
122.619797 45.733601 5
121.1213 46.5853 5
118.1474 48.1744 5
149.092804 27.766001 7
150.326599 27.441799 7
149.707993 28.049101 7
150.554199 28.2738 7
150.995407 28.723801 7
151.491699 27.813601 7
154.490906 28.929701 7
154.237198 29.7521 7
155.244003 29.351299 7
155.239197 28.492201 7
155.108505 27.7988 7
92.192001 23.162001 7
92.375198 22.725599 7
91.642998 22.677999 7
90.983002 23.200001 7
91.514999 24.1898 7
92.018997 25.179001 7
91.237099 25.0005 7
92.135002 24.497999 7
92.199997 21.775 7
90.057999 23.815001 7
90.029999 24.604 7
102.632797 32.916199 7
101.697899 33.77 7
102.032097 32.445702 7
103.617401 32.768902 7
103.619797 33.5798 7
100.830803 36.392502 7
100.100304 36.2122 7
101.111198 35.856998 7
101.088799 35.5835 7
102.006897 37.816898 7
102.444504 34.059601 7
100.852501 36.618301 7
100.8983 34.901798 7
102.026398 38.119999 7
102.315002 38.6506 7
102.437401 32.489201 7
102.046799 34.0023 7
102.420799 37.6819 7
102.972099 33.5774 7
101.946098 38.0131 7
102.7658 38.131901 7
101.382797 36.0117 7
102.137901 34.483299 7
103.1008 38.563599 7
102.4776 33.404598 7
100.544701 35.260502 7
101.951202 35.4925 7
103.076897 37.612099 7
99.436302 35.423302 7
101.977798 36.109798 7
101.561203 36.451698 7
99.990303 35.6003 7
102.6717 38.452499 7
101.456398 35.039902 7
102.416702 38.891701 7
142.0849 44.8017 1
142.9384 44.3218 1
144.9944 44.0563 1
143.7084 43.7625 1
145.7379 43.3673 1
144.4851 42.9820 1
141.2286 42.9672 1
143.6711 42.9298 1
142.4145 42.8208 1
140.1406 42.3928 1
142.9625 42.2391 1
140.4107 41.1619 1
141.3831 41.1016 1
140.5097 40.4689 1
141.5833 40.1217 1
141.5932 39.3772 1
141.5301 38.9762 1
140.5833 38.2585 1
140.1113 39.9555 1
140.8777 37.2246 1
140.0898 36.2141 1
140.2445 36.9267 1
139.4206 36.6342 1
138.9822 36.1557 1
139.8449 34.9745 1
139.1485 34.2056 1
139.8024 33.1048 1
139.7740 32.4508 1
142.1961 27.0983 1
139.4501 37.9683 1
138.4303 37.9046 1
138.5143 37.2977 1
137.0257 37.4021 1
136.6303 36.2017 1
138.9443 35.5096 1
138.4181 35.2307 1
138.1209 35.8363 1
137.1781 35.7168 1
138.9938 34.9166 1
138.0628 34.8738 1
137.3622 35.2239 1
136.5747 34.3739 1
135.8907 33.8652 1
136.3382 35.1847 1
135.1604 35.6570 1
135.5706 34.8635 1
134.4594 35.0887 1
135.3478 34.1656 1
135.4899 33.6782 1
133.3049 36.2553 1
132.8862 35.1942 1
133.5325 34.7682 1
132.0018 34.3403 1
131.0364 34.2835 1
134.4554 34.0606 1
132.9319 33.9734 1
133.4691 33.8272 1
134.0367 33.5795 1
132.8200 33.1781 1
130.2530 33.5052 1
129.2065 34.1359 1
129.7237 32.8870 1
128.7572 32.7177 1
130.9151 32.6063 1
131.3062 33.4701 1
131.3875 32.8179 1
131.2321 31.8931 1
130.3486 31.9698 1
130.7830 31.5160 1
130.9093 31.1945 1
130.4099 30.3781 1
129.3001 28.1571 1
128.2153 26.7567 1
127.3038 26.2328 1
123.0070 24.4550 1
124.1789 24.4119 1
117.0200 30.5800 0
117.3756 31.4727 0
117.2974 32.9055 0
116.2164 31.3986 0
118.2801 32.2855 0
117.4689 32.6442 0
115.8031 32.9460 0
116.2704 31.3487 0
116.7900 33.9817 0
117.1420 31.8240 0
116.8039 32.6335 0
118.0577 31.7696 0
118.3778 29.7061 0
118.2625 32.8106 0
118.3778 30.6992 0
115.8839 31.6889 0
116.5010 31.7150 0
116.1420 31.3400 0
118.5689 31.6927 0
116.4800 33.3500 0
116.9842 31.3480 0
117.8591 33.5576 0
116.0859 31.4361 0
117.8190 30.9246 0
116.2400 39.9100 0
116.5700 39.7900 0
116.1100 39.8600 0
116.6900 39.6200 0
116.5600 40.0000 0
116.2100 40.5700 0
116.6400 40.6300 0
117.0000 40.0500 0
116.8300 40.4700 0
115.9700 39.6900 0
116.6500 40.2100 0
116.2300 40.2500 0
116.4100 39.8900 0
115.9700 40.3400 0
116.8800 39.8300 0
116.8300 40.1500 0
116.3200 39.5200 0
115.6800 39.9600 0
119.4735 39.8254 0
116.1700 40.0200 0
117.9158 41.0153 0
119.0962 39.7585 0
116.3447 39.7506 0
118.3278 39.7522 0
116.4264 40.0811 0
116.3093 39.9459 0
115.8217 41.6645 0
114.3082 38.2482 0
114.4414 40.6530 0
114.9797 39.5103 0
116.5956 40.8994 0
116.0817 40.1017 0
116.5602 40.3944 0
117.2544 40.1397 0
115.8138 39.6611 0
115.5231 40.4406 0
117.2170 40.3072 0
115.4930 40.0836 0
117.1276 40.5371 0
115.0628 38.8639 0
116.4534 38.8469 0
116.0936 38.9594 0
115.0428 40.4783 0
115.1331 40.1572 0
115.9222 39.6881 0
117.6761 40.1919 0
108.6461 31.9627 0
107.2325 29.9050 0
106.5730 29.4222 0
107.4375 29.7263 0
108.7958 29.5639 0
105.4431 29.3793 0
108.3847 30.2444 0
106.9167 28.8750 0
108.4607 30.7520 0
107.8265 29.1881 0
109.6107 31.4010 0
106.8273 29.8583 0
116.3500 25.8400 0
117.4300 23.7100 0
120.2600 27.1200 0
119.2900 25.7000 0
119.3700 26.0100 0
118.7300 26.3700 0
117.5200 25.0100 0
118.9600 24.9800 0
119.9200 26.3500 0
117.0300 25.1300 0
118.9100 26.3800 0
117.1900 26.3500 0
119.5600 26.6800 0
118.1900 26.6200 0
118.5200 27.9100 0
117.3400 24.4000 0
119.0100 25.4500 0
119.4700 25.2200 0
119.7600 25.5000 0
118.5900 24.9400 0
116.4500 25.0300 0
119.4800 27.4000 0
117.4800 27.3300 0
117.1800 26.9100 0
118.0100 27.7500 0
118.0800 24.4500 0
117.1200 25.7200 0
118.2300 25.3400 0
116.6300 24.7000 0
118.1100 26.0400 0
118.8600 27.3600 0
117.6300 24.4700 0
116.6400 23.6700 0
114.3000 22.0600 0
111.2100 21.6500 0
113.7200 22.8800 0
116.2100 23.8200 0
111.0100 22.0500 0
113.6500 23.6500 0
110.5500 21.9300 0
113.2300 23.5200 0
112.3000 24.0400 0
114.4200 23.2400 0
114.5900 23.7200 0
115.7000 23.4300 0
115.2700 24.1000 0
114.4600 24.3600 0
112.3900 24.8000 0
114.6500 23.6600 0
116.1400 24.3200 0
117.0100 23.4300 0
117.2800 23.2600 0
116.1400 23.2900 0
112.8000 21.7100 0
111.0000 21.4400 0
113.5800 24.8600 0
116.6300 23.4200 0
115.3700 22.7900 0
113.3500 23.0900 0
114.1400 22.5500 0
112.8800 22.2700 0
116.5100 23.1300 0
114.6600 23.7400 0
114.6400 23.7800 0
113.0300 22.5700 0
110.9300 22.3500 0
111.9400 22.4200 0
112.2500 21.7100 0
111.9500 21.8600 0
111.6000 21.7500 0
113.3600 24.1300 0
113.5700 22.2700 0
110.3800 21.3900 0
112.5400 23.1800 0
113.3600 22.4900 0
115.1700 23.7000 0
95.8000 40.5167 0
104.1302 36.5809 0
105.7613 33.7312 0
103.2304 34.0601 0
94.8314 40.0401 0
99.8167 39.4000 0
108.4608 36.2504 0
102.0114 37.8314 0
105.0701 35.6911 0
102.1102 38.3907 0
107.2705 36.5896 0
102.9115 35.0100 0
98.7412 39.3907 0
105.7713 35.5309 0
104.0902 37.1903 0
98.2104 39.8114 0
103.3606 34.6711 0
103.2630 35.6275 0
95.5008 41.0901 0
103.8444 36.0833 0
103.2504 39.0700 0
102.0601 34.0200 0
104.0200 34.4307 0
107.9215 35.5609 0
106.6811 35.4508 0
97.7412 39.7003 0
95.9215 39.4908 0
101.3330 38.7713 0
103.8845 37.5356 0
102.7613 37.6210 0
99.6110 38.8414 0
106.0206 34.3425 0
104.9917 33.3606 0
105.0500 34.6611 0
104.6811 32.9516 0
104.1000 35.0400 0
103.3205 36.8013 0
98.6411 40.3907 0
106.3005 34.9316 0
100.5309 39.0915 0
107.0180 35.7781 0
109.2125 21.6525 0
106.5565 23.8951 0
107.3540 22.3734 0
107.9883 23.7489 0
107.9466 21.6718 0
107.1860 22.8385 0
109.6180 23.0553 0
110.3661 25.2911 0
108.0215 24.6729 0
111.5673 24.4258 0
109.2810 22.4202 0
108.1512 22.8911 0
107.5781 23.3277 0
106.7512 22.1301 0
108.6364 22.2764 0
107.1680 24.9823 0
109.1010 21.0306 0
111.2339 23.4808 0
108.6101 23.9483 0
110.1730 22.6351 0
107.5175 24.0293 0
106.0552 26.1518 0
105.3497 27.2435 0
108.1300 28.2200 0
107.9860 26.5438 0
106.7488 25.4249 0
104.9000 25.0400 0
108.8132 27.2121 0
106.8510 27.7663 0
114.2960 36.0841 0
111.3200 34.8000 0
113.6100 34.7100 0
113.4410 35.4475 0
113.2400 34.6100 0
112.4490 35.1629 0
113.2130 35.2675 0
111.0400 34.0183 0
112.4700 34.5500 0
113.8348 36.0614 0
112.2700 33.1400 0
113.2980 33.7116 0
115.0100 35.7700 0
115.0900 35.9000 0
115.4180 31.7905 0
115.6400 34.4600 0
113.8381 34.0304 0
114.5390 35.6618 0
114.0120 32.1326 0
114.1833 35.1500 0
114.6400 33.6600 0
113.7450 33.1334 0
111.5254 32.5527 0
114.1200 31.4986 0
109.4951 30.2763 0
110.7240 31.9381 0
110.0213 29.9036 0
115.8940 30.1350 0
112.1688 31.1191 0
113.8389 29.8160 0
108.8821 30.3718 0
115.1551 31.1315 0
111.6160 31.3919 0
112.7733 30.4497 0
112.6898 29.6463 0
110.7186 32.5968 0
113.3900 31.6300 0
111.7971 30.2010 0
114.3538 30.5429 0
112.0416 32.0025 0
114.4106 29.7158 0
110.8421 31.2600 0
111.3155 30.7836 0
111.2111 30.2136 0
115.1124 30.0227 0
110.4319 32.9864 0
112.7273 31.1724 0
110.2167 32.2497 0
109.7110 32.3240 0
116.8400 38.3400 0
115.8400 40.9100 0
117.9200 41.0200 0
119.1000 39.7600 0
114.0500 36.4300 0
116.6200 41.2200 0
116.1600 37.8600 0
114.9500 36.6200 0
114.0200 38.3700 0
115.1800 37.1300 0
116.0900 38.4500 0
114.7100 37.4000 0
113.9500 36.1900 0
117.4600 38.3900 0
114.1500 38.0300 0
118.9900 39.2300 0
118.4700 40.5900 0
114.3900 37.4500 0
115.5600 38.4900 0
117.7100 41.3200 0
114.3100 38.0000 0
114.6300 36.3400 0
117.1000 38.0600 0
118.9000 40.4200 0
114.6900 37.1300 0
115.5600 38.0100 0
113.6400 36.5500 0
114.5500 38.0300 0
118.4300 39.2500 0
119.0400 40.1400 0
114.0500 36.8100 0
117.7500 41.9300 0
114.9600 38.2400 0
115.2200 37.5200 0
117.4700 40.4100 0
114.3700 38.5300 0
118.0200 40.3900 0
114.6600 38.3500 0
114.3100 37.1200 0
115.6600 39.0200 0
115.3700 39.3500 0
114.4200 36.7500 0
116.4400 39.2300 0
114.3700 37.7900 0
114.4000 37.6600 0
115.8500 37.4400 0
114.5800 38.1500 0
114.4900 41.4000 0
114.7800 37.7500 0
114.9000 40.8300 0
109.1808 19.2478 0
110.2616 19.3633 0
110.0034 19.5968 0
110.3239 19.6700 0
108.7292 19.0655 0
110.2150 19.9285 0
108.8115 18.6977 0
109.9957 18.4998 0
110.1760 20.5812 0
109.6189 19.5337 0
110.4762 19.2217 0
110.7542 19.6656 0
110.5990 20.0869 0
109.8400 19.0300 0
110.6413 19.8887 0
109.4935 18.2040 0
110.3151 19.9499 0
109.4323 19.8082 0
110.4238 18.8007 0
110.8704 19.9578 0
109.5276 18.7972 0
112.4800 16.3600 0
110.2795 19.8530 0
132.1489 46.3296 0
127.1581 46.9717 0
127.4030 45.7390 0
131.0911 44.0572 0
134.2750 48.3550 0
130.2364 47.3528 0
127.4100 50.2530 0
124.0923 50.3185 0
129.8660 49.0412 0
130.3245 46.7325 0
130.8286 47.5960 0
128.4996 44.3312 0
129.5900 44.6200 0
131.8099 45.6263 0
122.3490 53.4550 0
124.5637 48.4844 0
122.8821 47.5374 0
127.6181 46.5840 0
131.0790 45.7422 0
128.9560 44.0620 0
131.0930 46.6589 0
124.6672 52.3361 0
128.6508 46.0847 0
126.0230 48.5968 0
126.1361 48.6718 0
128.9159 49.0813 0
128.4036 45.3377 0
128.5647 47.6345 0
129.2854 46.4763 0
113.5059 26.7951 0
113.0397 25.8187 0
112.9300 28.1819 0
112.5189 26.9203 0
109.9951 27.1145 0
112.5563 29.5498 0
111.8900 29.3900 0
109.7469 28.1483 0
112.0054 27.7291 0
113.0769 28.8044 0
112.3449 27.9915 0
111.4500 27.2121 0
111.4603 28.8770 0
112.3230 28.5771 0
111.6169 26.2224 0
110.5567 29.3510 0
123.7635 45.5980 0
122.2068 45.5543 0
126.3685 41.9452 0
128.0700 42.0700 0
128.1740 41.4200 0
124.0450 44.2781 0
125.4500 43.8000 0
128.1980 43.3440 0
126.6640 43.7278 0
127.3810 42.2576 0
130.4650 42.6423 0
127.1400 42.9492 0
126.3930 42.3517 0
126.8100 42.3723 0
125.7170 42.2860 0
125.1490 42.9476 0
127.5940 41.9478 0
126.0780 42.9501 0
124.0040 45.0061 0
124.9070 44.0894 0
123.9005 43.6881 0
128.1740 42.1882 0
124.5349 43.1997 0
124.7600 45.2517 0
125.6740 43.5389 0
125.9980 41.6971 0
123.0310 44.7918 0
126.5120 41.3621 0
129.4890 43.0029 0
126.7519 44.7636 0
128.1060 42.4100 0
119.2667 33.2625 0
120.7147 31.6700 0
120.0978 31.7725 0
118.7719 34.5050 0
118.9831 34.9433 0
119.0169 31.3531 0
119.2378 34.3094 0
119.4300 32.7300 0
120.6589 32.4989 0
119.0050 33.6147 0
120.3031 32.0658 0
119.5428 31.7342 0
120.9500 31.3900 0
119.2833 33.7717 0
118.9447 32.5150 0
119.1136 31.6464 0
119.4189 31.3489 0
119.2425 34.6414 0
118.8544 32.0517 0
120.8906 31.9517 0
116.9000 34.8000 0
117.9700 34.5200 0
121.6853 31.8364 0
119.8300 34.9200 0
121.1353 32.4014 0
118.1564 33.5444 0
118.3067 34.0500 0
120.3600 33.7400 0
119.9192 32.4092 0
120.2228 31.5253 0
119.8467 32.8886 0
118.3892 34.3808 0
119.5422 34.4981 0
118.4900 33.0700 0
117.1658 34.2314 0
120.0200 33.3700 0
119.4472 32.1483 0
115.3940 25.1430 0
114.3640 25.3908 0
116.1940 29.2563 0
115.7280 27.9325 0
115.3320 28.5635 0
114.9750 25.7903 0
115.7740 25.6063 0
117.2610 29.2754 0
114.1610 26.5618 0
115.0445 27.0635 0
116.0100 29.6474 0
116.2470 28.2122 0
115.8480 27.4101 0
114.8170 24.7694 0
116.5760 27.5393 0
115.8000 28.7700 0
116.3310 26.2987 0
117.9760 28.4434 0
114.8030 26.3652 0
114.5630 29.0397 0
115.6080 24.9954 0
114.3700 27.8090 0
115.6060 29.0832 0
116.6250 28.8260 0
123.0134 41.1054 0
120.6987 41.7833 0
123.7797 41.2670 0
121.7641 41.5991 0
120.4853 41.5733 0
124.3903 40.1457 0
121.6283 38.9062 0
123.3468 42.5083 0
123.9167 41.8833 0
121.5993 42.0528 0
122.3663 40.4133 0
122.2555 41.3148 0
123.5833 39.9000 0
122.2555 40.9883 0
125.3538 41.2788 0
122.7716 42.5846 0
119.8769 40.8286 0
121.1399 41.0754 0
124.7821 40.7410 0
123.9500 41.8300 0
119.3823 41.2187 0
123.2833 41.2667 0
124.5889 41.7679 0
124.9286 42.0788 0
120.9660 40.7219 0
123.5780 41.8278 0
123.9000 42.2667 0
121.9874 39.6298 0
124.7120 42.7420 0
122.8678 42.0709 0
123.2595 40.2745 0
122.6032 40.6835 0
122.6300 43.3000 0
119.9500 47.1700 0
115.2700 41.9000 0
112.0258 40.9650 0
110.4280 41.7100 0
109.8800 40.7400 0
105.7168 38.8461 0
118.9800 42.3000 0
121.1770 47.9734 0
111.0480 40.7279 0
107.0540 41.0947 0
121.4600 50.7800 0
111.5600 40.8700 0
111.8440 40.3762 0
119.6590 45.4689 0
119.7400 49.2700 0
122.8900 46.7313 0
113.1520 40.9968 0
117.5450 43.2445 0
112.5109 40.5411 0
118.0540 43.6221 0
120.8820 44.5462 0
120.7780 51.2719 0
117.4400 49.5545 0
118.8750 41.7251 0
123.4880 48.1703 0
111.6734 39.8988 0
111.9228 43.6860 0
120.1120 43.8630 0
108.0800 41.3000 0
111.7060 41.5191 0
122.0300 46.0400 0
106.8392 39.6645 0
119.8890 42.2545 0
116.7860 48.6518 0
116.0800 43.9000 0
108.7340 40.7398 0
122.6520 48.0293 0
106.1701 35.9639 0
105.6008 36.5012 0
106.3393 35.4863 0
106.3313 38.1011 0
106.0829 37.6962 0
106.6599 39.2830 0
106.6968 38.8074 0
106.2827 37.3032 0
105.7580 36.0877 0
105.2029 37.2490 0
105.9328 38.6086 0
107.4372 37.7785 0
105.2441 37.5857 0
100.7270 32.9486 0
101.6973 36.9439 0
100.2484 34.4782 0
95.3759 37.9324 0
97.3775 37.3807 0
98.1195 36.2822 0
94.8145 36.1984 0
90.7138 37.8664 0
102.2481 36.0737 0
101.1918 36.6562 0
102.3972 36.5514 0
93.4144 38.8189 0
101.4500 36.3553 0
101.8392 35.9929 0
102.1214 36.9182 0
101.1814 35.8714 0
98.2081 34.9199 0
101.4000 37.4716 0
102.7842 36.3687 0
100.1818 38.1497 0
95.8297 34.1709 0
101.9749 36.2682 0
98.8953 37.2491 0
102.0096 35.5191 0
92.3206 34.2187 0
99.8089 35.5070 0
101.7247 36.6278 0
102.4976 35.8625 0
97.0155 33.0119 0
95.3169 32.8943 0
104.4311 31.6380 0
105.3365 30.0521 0
102.8131 30.3715 0
103.1877 27.8097 0
106.7445 31.8408 0
103.7578 30.9100 0
105.9504 31.7070 0
103.4542 29.5767 0
102.1726 30.1173 0
100.0185 31.6101 0
102.2528 26.6530 0
104.3979 29.5717 0
102.9867 32.0637 0
104.7361 28.6396 0
106.8402 30.4163 0
102.5242 32.8130 0
104.5456 31.0045 0
104.5156 28.1789 0
101.5125 28.9958 0
105.5597 32.2054 0
103.9276 29.7939 0
104.2363 33.2573 0
103.5703 28.2722 0
100.8615 27.7143 0
100.2694 30.0004 0
105.4136 28.8724 0
103.5336 28.8405 0
103.0408 30.0748 0
102.2239 31.9039 0
103.1346 28.3274 0
101.2719 27.9324 0
102.1739 28.3326 0
102.5424 27.3839 0
104.5482 32.4157 0
101.7425 26.5033 0
105.2277 32.5932 0
102.9647 33.5815 0
100.9799 32.2687 0
102.3495 29.2260 0
102.7500 26.8553 0
103.6031 32.6497 0
102.7643 30.0735 0
106.1967 32.1771 0
103.5876 31.4790 0
103.7895 29.0526 0
99.7917 28.9417 0
105.9016 31.0183 0
107.7175 31.3738 0
102.3579 30.9950 0
102.4478 27.8622 0
104.1025 30.2009 0
101.0117 30.0344 0
105.3612 31.2120 0
102.2596 27.8486 0
101.6776 27.4669 0
103.5689 30.8692 0
104.6729 31.7925 0
119.2200 36.3700 0
120.9100 38.3900 0
120.7400 37.9100 0
115.8700 34.9400 0
118.0500 34.8500 0
118.5000 37.4700 0
116.7500 35.1000 0
117.6700 38.0100 0
116.3000 37.4500 0
118.9800 37.1200 0
121.3200 36.8200 0
115.4400 35.2500 0
117.0400 36.6400 0
116.3500 35.4000 0
118.8500 35.1700 0
118.9000 35.5400 0
120.7200 36.9900 0
116.0300 36.4300 0
118.6900 34.9500 0
120.5100 37.5500 0
118.4900 36.4100 0
116.0800 35.8100 0
121.0000 37.2200 0
117.9800 35.5200 0
120.4000 36.0600 0
122.4200 37.1700 0
121.6000 36.9200 0
119.5200 35.4200 0
117.3100 37.2000 0
118.4600 34.7000 0
117.1000 36.2500 0
121.9200 37.1800 0
119.1200 36.7000 0
122.0900 37.5100 0
119.2000 35.7500 0
117.7600 35.9500 0
118.6300 35.7900 0
121.3900 37.5200 0
117.0100 35.3800 0
124.9270 29.1246 0
121.5333 31.5833 0
122.0667 30.5833 0
119.7975 30.4478 0
120.9033 31.0775 0
121.7556 31.0475 0
121.2592 30.7922 0
121.4353 31.2186 0
121.1860 31.1000 0
121.1483 31.0783 0
120.4942 31.2892 0
121.1419 31.0578 0
109.0372 32.6698 0
109.1454 34.9740 0
110.0633 35.4067 0
109.7197 34.4009 0
110.1667 34.5200 0
107.4325 33.2532 0
106.9940 32.9890 0
108.7528 34.7089 0
109.3756 34.1128 0
109.2124 34.3523 0
107.8064 34.6766 0
106.7670 34.9390 0
106.1395 33.3568 0
107.8170 34.1283 0
106.8002 33.2293 0
108.3234 33.3253 0
109.4267 35.0583 0
108.2172 34.5697 0
109.8740 33.5124 0
110.8654 33.5180 0
110.2312 37.4946 0
107.2852 34.0707 0
109.1251 35.3920 0
108.9242 34.0317 0
107.7161 32.9101 0
109.3254 36.8721 0
110.5075 38.8559 0
108.3242 34.0553 0
112.2500 36.1600 0
111.0010 38.9549 0
113.1800 36.2244 0
113.0557 39.0518 0
112.7410 37.9294 0
111.4100 35.5800 0
113.7208 39.6684 0
111.8990 36.6099 0
112.4360 37.7123 0
111.7198 38.7784 0
113.2910 35.6906 0
111.3667 36.0883 0
111.2418 37.5290 0
114.0210 39.3823 0
111.9509 38.0411 0
112.3360 38.6870 0
111.5135 39.4516 0
113.2374 40.1416 0
113.7131 40.0845 0
112.5782 37.3671 0
113.0030 38.4300 0
111.2367 35.1200 0
112.9460 36.6677 0
110.9500 36.7000 0
113.7208 37.5690 0
112.4070 35.4424 0
114.1577 39.9550 0
110.6462 34.8389 0
112.8067 39.2289 0
112.3693 40.0235 0
113.3483 40.2723 0
113.3502 37.0993 0
117.2190 39.1708 0
117.2750 39.7319 0
117.7430 39.1294 0
117.4610 39.6108 0
117.1050 38.7781 0
117.1500 39.1344 0
117.3690 39.2292 0
117.3230 38.8325 0
117.2370 39.1094 0
117.3700 39.3958 0
117.7540 39.5686 0
117.5030 38.9298 0
117.7930 39.2414 0
117.1330 39.5806 0
116.8610 38.9408 0
117.4960 40.0764 0
117.7380 39.3750 0
117.0980 39.0283 0
117.0210 39.2050 0
118.0020 39.2433 0
117.3820 38.6325 0
117.5170 39.0528 0
117.5560 38.7497 0
116.8530 38.7697 0
117.5240 39.7581 0
117.3440 39.0272 0
117.1920 38.6606 0
117.2480 39.9100 0
117.1990 39.2719 0
88.1276 47.8842 0
93.0142 43.5233 0
90.5139 45.2839 0
87.1790 46.9930 0
89.6300 46.9700 0
88.5767 43.5250 0
86.5520 48.2310 0
85.7680 46.7700 0
89.4410 42.9760 0
88.1732 42.2682 0
84.8149 45.6565 0
85.8100 41.8899 0
87.0606 43.6378 0
84.2750 45.5639 0
84.1670 42.0220 0
90.2959 43.8086 0
90.7300 46.4910 0
85.4810 37.2930 0
87.5614 43.8653 0
88.8280 38.9730 0
85.6869 43.9172 0
85.8500 44.2000 0
86.6531 43.7133 0
83.1670 46.9380 0
88.0878 43.8886 0
89.0320 44.9010 0
87.6950 43.6544 0
87.6853 43.4569 0
84.6408 44.1231 0
85.4570 44.6590 0
94.0020 41.9440 0
97.1700 31.1400 0
91.0700 30.5300 0
94.3400 29.6700 0
90.3900 28.9700 0
91.1200 29.7100 0
91.7500 29.8500 0
92.0900 31.4500 0
87.2300 31.8000 0
90.1500 29.4300 0
88.8700 29.2300 0
91.7500 29.2200 0
88.8300 33.2000 0
99.1466 25.1180 0
99.2585 23.1364 0
101.5356 25.0293 0
101.3164 25.7268 0
103.1866 26.0922 0
99.9475 26.1088 0
105.6202 23.6249 0
103.1596 23.3535 0
98.6707 27.7449 0
106.6640 26.4590 0
100.1512 26.5490 0
102.7475 25.1483 0
101.1993 26.5871 0
100.7351 23.5019 0
100.7382 22.0194 0
103.2234 22.7825 0
102.7598 23.6504 0
102.7475 25.1483 0
99.9206 22.5524 0
100.0689 23.8785 0
100.2322 26.8956 0
104.2911 24.8856 0
102.4497 25.5408 0
98.8518 25.8317 0
103.5752 25.4273 0
98.5925 24.4245 0
99.5796 22.3365 0
103.3885 24.4058 0
101.5276 21.4259 0
104.7024 23.1284 0
102.9434 26.9095 0
101.0140 22.7756 0
98.5197 25.0289 0
102.7881 24.1128 0
100.2540 25.6093 0
98.0709 24.0851 0
104.2518 23.4076 0
104.1357 26.0881 0
104.2315 28.1117 0
102.1440 24.7002 0
99.2454 24.0357 0
100.7683 26.6941 0
101.9780 23.5659 0
99.3717 25.8854 0
101.8607 25.6894 0
100.1475 24.4348 0
103.7179 27.3221 0
99.6984 27.8232 0
121.8329 29.8873 0
118.4130 29.4695 0
119.6578 31.0865 0
120.8476 30.3831 0
120.1140 30.2665 0
120.0952 30.8423 0
120.8877 30.7802 0
119.6304 27.9805 0
118.9578 30.1433 0
121.5202 29.9837 0
121.7042 29.2458 0
119.0635 27.6164 0
122.4507 30.7055 0
121.0373 29.1451 0
120.6677 27.9271 0
118.8256 28.6961 0
119.2708 29.4817 0
120.8622 29.4818 0
120.1052 29.8938 0
121.3262 29.8008 0
120.2008 28.9621 0
121.0803 28.4149 0
121.0939 29.9534 0
122.1165 30.0378 0
124.714203 37.977100 2
126.555519 34.160030 2
127.212097 34.763401 2
129.112503 35.248600 2
127.814499 37.777599 2
127.974800 36.873001 2
127.121101 38.270962 2
124.706802 37.831699 2
128.897003 35.768501 2
128.674194 37.690399 2
127.623596 36.973701 2
128.287994 35.322701 2
126.446503 37.707600 2
128.606049 35.889301 2
126.598198 35.348400 2
128.097137 35.155128 2
127.691498 34.943501 2
126.272903 33.401901 2
127.745598 35.511501 2
126.774002 37.084400 2
127.358131 36.613140 2
126.635941 36.555401 2
127.670700 38.221401 2
126.899406 34.976822 2
129.341904 37.237999 2
127.292801 35.937801 2
126.655861 33.451511 2
126.546303 33.430599 2
127.640373 35.212891 2
128.685364 37.317478 2
127.275803 34.618401 2
128.351593 38.595322 2
128.214600 36.640202 2
127.396400 35.421299 2
126.866371 36.042500 2
127.794098 36.346100 2
128.980301 37.620899 2
128.252502 38.268600 2
126.918800 37.487900 2
126.917099 37.493900 2
126.453102 36.789299 2
126.703903 37.348801 2
126.556099 35.689098 2
128.796158 37.157848 2
126.954552 37.453629 2
127.361740 36.380520 2
129.408401 36.702000 2
130.916901 37.540501 2
130.916901 37.540501 2
127.990303 38.225361 2
126.925797 38.039799 2
129.079926 35.468109 2
