121.92 21.24 184.73 -5.300 -1.540 6.850 -9.180 -2.530 5.870 16 0 0 
130.98 43.61 564.45 7.440 21.600 -29.100 15.300 -32.400 23.300 16 0 0 
120.68 13.67 127.70 40.400 -5.930 -34.500 2.290 13.600 7.390 16 0 0 
142.51 39.99 41.35 105.000 4.550 -109.000 12.500 112.000 -3.300 17 0 0 
138.39 34.65 19.15 93.600 -97.200 3.610 41.800 -14.700 12.700 16 0 0 
142.52 43.83 191.48 -7.620 9.280 -1.670 14.100 -2.470 14.000 17 0 0 
142.94 41.79 43.46 15.400 -3.550 -11.900 5.820 14.200 -6.840 17 0 0 
138.17 31.61 351.95 -3.730 -1.110 4.840 -2.620 -17.700 -5.190 18 0 0 
96.0 51.69 20.46 8.360 -7.010 -1.350 1.290 -2.570 9.720 18 0 0 
147.87 45.09 124.94 22.100 96.900 -119.000 -116.000 -263.000 9.440 15 0 0 
122.2 24.48 80.99 4.970 1.650 -6.610 3.670 -3.320 -2.770 17 0 0 
100.75 27.72 12.47 -224.000 4.970 219.000 80.200 79.000 -122.000 15 0 0 
130.31 29.23 34.36 26.400 -8.120 -18.300 9.980 9.300 -11.400 16 0 0 
125.06 25.77 140.60 -5.810 -5.000 10.800 -10.100 -5.470 -6.690 16 0 0 
86.96 43.52 38.55 -1.700 -72.000 73.600 -117.000 -12.900 125.000 15 0 0 
124.06 44.65 12.00 54.100 41.600 -95.700 -38.300 -26.800 -3.230 15 0 0 
106.39 39.74 25.60 -8.900 -22.200 31.100 31.100 -6.680 200.000 15 0 0 
126.25 10.08 43.83 160.000 21.800 -182.000 32.900 64.800 9.340 16 0 0 
159.37 55.67 283.88 -281.000 -9.510 291.000 91.200 -243.000 36.900 15 0 0 
101.68 37.67 14.31 87.200 -16.600 -70.600 1.960 9.190 44.300 16 0 0 
147.65 43.66 74.13 -9.010 29.900 -20.900 26.600 18.700 -26.300 16 0 0 
95.12 31.87 17.10 -176.000 -8.980 185.000 -38.700 -39.600 125.000 15 0 0 
128.71 26.49 24.21 6.640 -2.520 -4.120 4.690 4.770 -3.560 16 0 0 
141.91 24.98 522.70 -12.700 5.020 7.680 -5.040 -26.400 -13.700 17 0 0 
94.58 20.79 88.32 51.800 -22.700 -29.200 44.600 -160.000 4.520 17 0 0 
129.12 35.79 20.06 2.280 15.500 -17.800 7.240 -2.590 13.900 16 0 0 
140.17 10.03 12.00 -9.050 150.000 -141.000 -12.300 -41.500 -25.200 16 0 0 
146.65 13.66 18.22 -4.680 -3.220 7.900 6.450 4.480 5.630 17 0 0 
123.7 6.95 543.08 -3.470 -1.130 4.600 2.050 -5.950 3.520 17 0 0 
135.47 34.83 17.30 16.500 18.400 -35.000 2.240 -11.300 -8.690 16 0 0 
