117.0200 30.5800 0.017066210552171383
117.3756 31.4727 0.01597788761447342
117.2974 32.9055 0.015990507852513228
116.2164 31.3986 0.017746147166916533
118.2801 32.2855 0.01510468484020905
117.4689 32.6442 0.015732193743469177
116.2704 31.3487 0.0176712017388795
116.7900 33.9817 0.017053399792495837
117.1420 31.8240 0.01613627248437816
116.8039 32.6335 0.01658674831536974
118.0577 31.7696 0.015258743047682172
118.3778 29.7061 0.017291265826799625
118.2625 32.8106 0.015259004848953607
118.3778 30.6992 0.01585975237138614
115.8839 31.6889 0.018272450643247364
116.5010 31.7150 0.01714137793556574
116.1420 31.3400 0.017903674314805013
118.5689 31.6927 0.015096156106392828
116.4800 33.3500 0.017242869152699344
116.9842 31.3480 0.01653849384036662
117.8591 33.5576 0.015876584262628925
116.0859 31.4361 0.01796825915769802
117.8190 30.9246 0.015929719562194404
116.1100 39.8600 0.014942267620393973
116.2100 40.5700 0.015670413165366583
116.6400 40.6300 0.015888863006919815
116.8300 40.4700 0.01575347295394332
115.9700 39.6900 0.01484494378480199
116.2300 40.2500 0.015252539965981738
115.9700 40.3400 0.015307128723131806
115.6800 39.9600 0.014916837387023662
135.5706 34.8635 0.04402257382619096
138.4303 37.9046 0.057780606877761036
129.3001 28.1571 0.21084526576371893
139.7740 32.4508 0.11039379707557012
139.4206 36.6342 0.04926592015479589
138.4181 35.2307 0.04449674622904563
128.7572 32.7177 0.09202527794695925
140.1113 39.9555 0.0809332125586868
142.4145 42.8208 0.08303887667160895
139.8024 33.1048 0.08595275086099557
140.8777 37.2246 0.06359528207038946
141.2286 42.9672 0.09064334284160212
124.1789 24.4119 0.1341812161787733
140.1406 42.3928 0.10264171800627012
131.3062 33.4701 0.05612386589410024
134.4554 34.0606 0.04725151441240743
141.5833 40.1217 0.08344521351687748
129.2065 34.1359 0.08788503072523995
138.9938 34.9166 0.04852363075488811
128.2153 26.7567 0.2303247314259294
135.8907 33.8652 0.04826258161943956
135.4899 33.6782 0.04973788740530645
142.9625 42.2391 0.0844317095934323
137.1781 35.7168 0.04272432356801921
143.7084 43.7625 0.09117848273148882
138.0628 34.8738 0.044644253234012145
140.5833 38.2585 0.06585265017043312
141.5301 38.9762 0.0793449844828412
144.4851 42.9820 0.09671963455303355
130.4099 30.3781 0.11281265332231462
138.5143 37.2977 0.051015802869339925
139.1485 34.2056 0.055751410191930466
137.3622 35.2239 0.04248916245776414
142.0849 44.8017 0.1111271308259738
145.7379 43.3673 0.12548032873014506
135.3478 34.1656 0.0461471514701589
142.9384 44.3218 0.09620425096168164
133.5325 34.7682 0.04925006985163692
132.0018 34.3403 0.05421479075103461
133.4691 33.8272 0.049150108086471994
138.9822 36.1557 0.046123559518640465
140.5097 40.4689 0.084054931531025
142.1961 27.0983 0.32766103416619496
133.3049 36.2553 0.06797977467937187
130.2530 33.5052 0.0649927600659626
139.4501 37.9683 0.05818338409247479
138.9443 35.5096 0.04603702963345617
144.9944 44.0563 0.11135487064740585
130.3486 31.9698 0.07260955965385714
136.6303 36.2017 0.045665336937519
129.7237 32.8870 0.07216186523825428
130.9093 31.1945 0.08429519024648506
136.3382 35.1847 0.042878698593622984
132.9319 33.9734 0.049837911907465365
131.3875 32.8179 0.05803329645510302
131.2321 31.8931 0.06882304484810092
130.9151 32.6063 0.0617929440499737
141.3831 41.1016 0.08428275483897645
132.8200 33.1781 0.05298413022239071
140.0898 36.2141 0.05338844581796032
138.1209 35.8363 0.04333086228908773
141.5932 39.3772 0.08156417173104034
134.0367 33.5795 0.05004741676377814
143.6711 42.9298 0.08734227381631472
137.0257 37.4021 0.05667230087873526
136.5747 34.3739 0.04493499966143129
135.1604 35.6570 0.04738969354988192
140.2445 36.9267 0.055856399293022246
123.0070 24.4550 0.08629405129715756
132.8862 35.1942 0.05531102722585898
131.0364 34.2835 0.060875118690272255
134.4594 35.0887 0.04716661336358366
127.3038 26.2328 0.23336165360426425
119.4735 39.8254 0.019156606635883144
116.1700 40.0200 0.015045456758477238
117.9158 41.0153 0.017487211796103967
119.0962 39.7585 0.018469064508165968
118.3278 39.7522 0.017127608519418906
116.3093 39.9459 0.015056491128189553
115.8217 41.6645 0.01916077871487577
114.3082 38.2482 0.015218589636623153
114.4414 40.6530 0.01665295449584939
114.9797 39.5103 0.01476769427366441
116.0817 40.1017 0.015079574380221991
116.5602 40.3944 0.015527766427866107
117.2544 40.1397 0.015786641820931934
115.8138 39.6611 0.014797196258242199
115.5231 40.4406 0.015486146242819502
117.2170 40.3072 0.015861519532808597
115.4930 40.0836 0.015029133972597409
117.1276 40.5371 0.016028455441378025
115.0628 38.8639 0.014806177106672532
115.0428 40.4783 0.01575057979968617
115.1331 40.1572 0.01520378477380583
115.9222 39.6881 0.014830458960076617
117.6761 40.1919 0.01624041075145067
97.5 31.0 0.0943961117912879
103.757797 30.91 0.021665599337306274
125.260002 43.48 0.027237164759928566
121.627998 38.905998 0.027088070154130343
94.814499 36.198399 0.11126056592084643
99.816704 39.400002 0.05107725023251621
106.664001 26.459999 0.03451038255610966
113.652496 23.6525 0.02169310407768826
127.410004 50.252998 0.10334608558818624
111.564003 40.849998 0.025051259885267418
112.470001 34.549999 0.019272972599662184
103.844398 36.087002 0.022322787654172033
92.25 32.25 0.14862687501599298
118.854401 32.051701 0.015052959465822077
123.578003 41.827801 0.023579006581130695
117.124001 36.209999 0.01802330410318607
98.519997 25.028999 0.04621473504072352
114.353897 30.542801 0.02163341979565974
116.079002 43.900002 0.04502950301463113
108.6461 31.9627 0.020815467162497155
107.2325 29.9050 0.024193094320216577
106.5730 29.4222 0.024399668539747368
107.4375 29.7263 0.025014238020754278
108.7958 29.5639 0.027414594271718235
105.4431 29.3793 0.022685076579952296
108.3847 30.2444 0.024644953851011994
106.9167 28.8750 0.02674878037511906
108.4607 30.7520 0.02329050506661115
107.8265 29.1881 0.027516662775595658
109.6107 31.4010 0.022421567204315172
106.8273 29.8583 0.023712974696123972
116.3500 25.8400 0.019956780885135875
117.4300 23.7100 0.02579241108414289
120.2600 27.1200 0.027608347643944223
119.2900 25.7000 0.026111929386614992
119.3700 26.0100 0.025797897186773718
117.5200 25.0100 0.021814676624482797
118.9600 24.9800 0.02658042996505583
119.9200 26.3500 0.027793140882149528
117.0300 25.1300 0.02078661460930854
118.9100 26.3800 0.02341640661738521
117.1900 26.3500 0.020310588095245254
119.5600 26.6800 0.025285428204634045
118.1900 26.6200 0.021410311594487204
118.5200 27.9100 0.020514381074743612
117.3400 24.4000 0.022779170046904045
119.0100 25.4500 0.02547142916272665
119.4700 25.2200 0.028361209976474372
118.5900 24.9400 0.025139138376447778
119.4800 27.4000 0.02348681858786059
117.4800 27.3300 0.02021948080112182
117.1800 26.9100 0.02022142565139739
118.0100 27.7500 0.02022422374645969
118.0800 24.4500 0.024859367233399515
117.1200 25.7200 0.020440679283544965
118.2300 25.3400 0.022980491783198134
116.6300 24.7000 0.020799017870969976
118.1100 26.0400 0.02174616908278002
118.8600 27.3600 0.02190674204023946
137.029007 35.349998 0.04237456185127534
116.6400 23.6700 0.023564157559099054
114.3000 22.0600 0.027310096172184235
111.2100 21.6500 0.026373925807711772
113.7200 22.8800 0.022977933130121826
116.2100 23.8200 0.022121733750801353
111.0100 22.0500 0.026150658368630897
113.6500 23.6500 0.021697749994453445
110.5500 21.9300 0.026874725764761513
113.2300 23.5200 0.022298013512475533
112.3000 24.0400 0.02447882738378333
114.4200 23.2400 0.022064328082762107
114.5900 23.7200 0.021068912526316475
115.7000 23.4300 0.02259797098040058
115.2700 24.1000 0.0205682929116501
114.4600 24.3600 0.020559965751571613
112.3900 24.8000 0.025519447022888695
114.6500 23.6600 0.021169167654826612
116.1400 24.3200 0.020827014057165295
117.0100 23.4300 0.025836185519360295
117.2800 23.2600 0.027965314739925022
116.1400 23.2900 0.024044044391264407
112.8000 21.7100 0.026881761472436084
111.0000 21.4400 0.02681696261979582
113.5800 24.8600 0.0221211441364241
116.6300 23.4200 0.024686305829289778
115.3700 22.7900 0.024928619489278665
113.3500 23.0900 0.022660203247482046
114.1400 22.5500 0.024324514433348585
112.8800 22.2700 0.024775021184466853
116.5100 23.1300 0.02594441014118074
114.6600 23.7400 0.021032174990646874
114.6400 23.7800 0.020970674384054474
113.0300 22.5700 0.02391894248795702
110.9300 22.3500 0.026239467187862346
111.9400 22.4200 0.02486117373771358
112.2500 21.7100 0.026356494370185668
111.9500 21.8600 0.0258228486704225
111.6000 21.7500 0.02607981861719383
113.3600 24.1300 0.022020488513566586
113.5700 22.2700 0.025088460982305154
110.3800 21.3900 0.027492674381751882
112.5400 23.1800 0.02350444757018245
113.3600 22.4900 0.024139270795399966
115.1700 23.7000 0.021249691017357405
95.8000 40.5167 0.09210215784660522
104.1302 36.5809 0.023142377695868282
105.7613 33.7312 0.019565307736096337
103.2304 34.0601 0.02286266493884003
94.8314 40.0401 0.09814949360200784
99.8167 39.4000 0.05107723755453661
108.4608 36.2504 0.021730043710046415
102.0114 37.8314 0.03026499642113306
105.0701 35.6911 0.021184005514501576
102.1102 38.3907 0.03403493019717158
107.2705 36.5896 0.023305684882682618
102.9115 35.0100 0.02316517351738417
98.7412 39.3907 0.055696886607017305
105.7713 35.5309 0.020811892127310543
104.0902 37.1903 0.025124225676737798
98.2104 39.8114 0.06376003551573206
103.3606 34.6711 0.02232222791877775
103.2630 35.6275 0.022525958530542272
95.5008 41.0901 0.10600017854334753
103.8444 36.0833 0.022317364685594802
102.0601 34.0200 0.02687858650174985
104.0200 34.4307 0.021252657017484
107.9215 35.5609 0.020488561918272457
97.7412 39.7003 0.06517243724518033
95.9215 39.4908 0.07976028120041262
101.3330 38.7713 0.039169514853156916
103.8845 37.5356 0.026736999919073082
102.7613 37.6210 0.027934604851355772
99.6110 38.8414 0.045842075408038134
106.0206 34.3425 0.019595745835989678
104.9917 33.3606 0.020122894658440808
105.0500 34.6611 0.020262799648947505
104.6811 32.9516 0.02048173568000463
104.1000 35.0400 0.021226813379445666
103.3205 36.8013 0.02421273700103639
98.6411 40.3907 0.07220880147302534
106.3005 34.9316 0.019936284268706885
100.5309 39.0915 0.04486502802919177
109.2125 21.6525 0.030642628114721727
106.5565 23.8951 0.039601748370855464
107.3540 22.3734 0.04072716057541942
107.9883 23.7489 0.037533515108065366
107.9466 21.6718 0.03807079834671916
107.1860 22.8385 0.04052858824424499
110.3661 25.2911 0.03584059705726003
108.0215 24.6729 0.03903439839357593
111.5673 24.4258 0.027774714060413843
109.2810 22.4202 0.03075252065799387
108.1512 22.8911 0.03603152961180494
107.5781 23.3277 0.038398279955426357
106.7512 22.1301 0.04613061132858814
108.6364 22.2764 0.0333768201604564
107.1680 24.9823 0.038632555347439
109.1010 21.0306 0.031768709821921114
111.2339 23.4808 0.02674384830700139
108.6101 23.9483 0.03645735442968285
110.1730 22.6351 0.02821326913900932
107.5175 24.0293 0.038665964934119924
106.0552 26.1518 0.03301337401158612
105.3497 27.2435 0.02734957502311456
108.1300 28.2200 0.032344212219797726
107.9860 26.5438 0.03881168574590014
106.7488 25.4249 0.03716462242368958
106.8510 27.7663 0.03065425879545369
111.3200 34.8000 0.018873691223892163
113.4410 35.4475 0.018167278166859948
113.2400 34.6100 0.019312727146904154
112.4490 35.1629 0.018557330708380445
113.2130 35.2675 0.018410329414434656
111.0400 34.0183 0.019363229881134304
112.4700 34.5500 0.019272971136265065
113.8348 36.0614 0.017371939941608294
112.2700 33.1400 0.021025376950892828
113.2980 33.7116 0.020552052987609173
115.4180 31.7905 0.019161706644959385
114.5390 35.6618 0.017866265064061897
114.0120 32.1326 0.02147681047294936
113.7450 33.1334 0.02107950701618153
111.5254 32.5527 0.021403332716915503
114.1200 31.4986 0.021573733487259186
109.4951 30.2763 0.02538721540995273
110.7240 31.9381 0.021916312249802842
110.0213 29.9036 0.026807863564345384
115.8940 30.1350 0.01912265568062756
112.1688 31.1191 0.023605975816268318
113.8389 29.8160 0.023115640412033567
108.8821 30.3718 0.024693446330416643
115.1551 31.1315 0.019858802694467822
111.6160 31.3919 0.023219264313070507
112.6898 29.6463 0.02534798265870861
110.7186 32.5968 0.02083735658913386
113.3900 31.6300 0.022398337167234245
111.7971 30.2010 0.02538841508502091
114.3538 30.5429 0.021633534843247485
112.0416 32.0025 0.02240294420480871
114.4106 29.7158 0.022118942163615738
110.8421 31.2600 0.023278704618287897
111.3155 30.7836 0.02434847581454187
111.2111 30.2136 0.025690496099687016
115.1124 30.0227 0.020576218839253386
110.4319 32.9864 0.020128740231759076
112.7273 31.1724 0.023283110698243195
110.2167 32.2497 0.02108852175937738
109.7110 32.3240 0.020696471454813712
115.8400 40.9100 0.01639037114901402
117.9200 41.0200 0.017500983494546554
119.1000 39.7600 0.01847521826785184
114.0500 36.4300 0.01693088779829627
116.6200 41.2200 0.017247012332527494
114.0200 38.3700 0.015265963820020434
114.7100 37.4000 0.01593238210201139
113.9500 36.1900 0.017213227140959027
114.1500 38.0300 0.015403991627982673
118.4700 40.5900 0.017499516256731663
114.3900 37.4500 0.01585235536182359
117.7100 41.3200 0.01806781115006407
114.3100 38.0000 0.015385896014272451
118.9000 40.4200 0.018010777901361644
113.6400 36.5500 0.016840643379097155
119.0400 40.1400 0.018200029211812158
114.0500 36.8100 0.016511302670082897
117.7500 41.9300 0.020444971954737122
117.4700 40.4100 0.016174933272766548
118.0200 40.3900 0.016757151890213796
114.3100 37.1200 0.01618109449974525
115.3700 39.3500 0.014706558127432138
114.4200 36.7500 0.01658595719444975
114.3700 37.7900 0.015544388849653224
114.4000 37.6600 0.015656108091603137
114.4900 41.4000 0.019298329384923277
114.9000 40.8300 0.016674894713467347
109.1808 19.2478 0.039911229891817904
110.2616 19.3633 0.035743874498223825
110.0034 19.5968 0.03425190738100439
110.3239 19.6700 0.03349789801801895
108.7292 19.0655 0.045284778942527484
110.2150 19.9285 0.03203334995105382
108.8115 18.6977 0.049209532075871316
109.9957 18.4998 0.045543635723642596
109.6189 19.5337 0.035610719203015076
110.4762 19.2217 0.03704798594264162
110.5990 20.0869 0.031141157079019956
109.8400 19.0300 0.03925158709830032
110.6413 19.8887 0.032247825669994144
110.3151 19.9499 0.03185492393659169
109.4323 19.8082 0.03457603606983364
110.4238 18.8007 0.04148883689417201
110.8704 19.9578 0.03210518329946802
109.5276 18.7972 0.0428483967320935
112.4800 16.3600 0.19484641809707318
110.2795 19.8530 0.03240187942949735
114.141502 22.277599 0.025681834266549904
132.1489 46.3296 0.07423796721049039
127.1581 46.9717 0.05003315362779308
127.4030 45.7390 0.04103751227314007
131.0911 44.0572 0.0614134655139393
134.2750 48.3550 0.17717588918166527
130.2364 47.3528 0.059903953214009396
127.4100 50.2530 0.10334613088588303
124.0923 50.3185 0.09823480177944194
129.8660 49.0412 0.08453595400634163
130.3245 46.7325 0.05557066874941054
130.8286 47.5960 0.06711426157149364
128.4996 44.3312 0.037476779934285415
129.5900 44.6200 0.04412265066266265
131.8099 45.6263 0.06776115723982608
124.5637 48.4844 0.06833241627147726
122.8821 47.5374 0.06440636160842728
127.6181 46.5840 0.04686392314781337
131.0790 45.7422 0.058117972008598036
128.9560 44.0620 0.03945716679832356
131.0930 46.6589 0.0614972921021901
124.6672 52.3361 0.20016036120414699
128.6508 46.0847 0.04487281580173715
126.1361 48.6718 0.06844892316811213
128.9159 49.0813 0.0791520857230069
128.4036 45.3377 0.04057014476161144
128.5647 47.6345 0.05635684724043137
129.2854 46.4763 0.04889401872559693
113.5059 26.7951 0.025065678016590886
113.0397 25.8187 0.02521179788997273
112.9300 28.1819 0.02692021819081211
112.5189 26.9203 0.02873905855752021
109.9951 27.1145 0.03804684695343483
111.8900 29.3900 0.027110711375046864
109.7469 28.1483 0.034274595040826104
112.0054 27.7291 0.030381755324191774
113.0769 28.8044 0.025817139492704616
112.3449 27.9915 0.028902622304953596
111.4500 27.2121 0.03310673923620937
111.4603 28.8770 0.029178666242727705
111.6169 26.2224 0.03210899287739502
110.5567 29.3510 0.028673599155973572
116.1679 40.018299 0.015043700021325936
119.741402 49.270401 0.10110841136347724
102.739998 25.123301 0.027171291221254147
108.923698 34.0313 0.018935173902235158
103.643799 51.680698 0.8958702821566542
158.649902 53.0233 0.9999997967167455
107.0532 47.865101 0.8217668988295037
129.680496 62.030998 0.9999862353989251
142.760406 46.958698 0.24874203930926725
122.2068 45.5543 0.04881236209530606
126.3685 41.9452 0.028355673620471453
128.0700 42.0700 0.036849499074997696
128.1740 41.4200 0.042544739019801124
125.4500 43.8000 0.028617362446533415
128.1980 43.3440 0.03471990755329649
126.6640 43.7278 0.02987960398891365
127.3810 42.2576 0.0318278739207085
130.4650 42.6423 0.06163661112335119
127.1400 42.9492 0.029922106701808497
126.3930 42.3517 0.02769127904843627
126.8100 42.3723 0.029072530394293434
125.7170 42.2860 0.026018466656629952
125.1490 42.9476 0.02566675271255793
127.5940 41.9478 0.0341912469816151
126.0780 42.9501 0.02698232777093693
124.9070 44.0894 0.030018283819748567
124.5349 43.1997 0.02602924053460923
125.6740 43.5389 0.027767642817317598
125.9980 41.6971 0.027829464202151856
126.5120 41.3621 0.03130203733033886
129.4890 43.0029 0.045276276581286724
126.7519 44.7636 0.03457809982484659
142.593002 44.118801 0.0932946923809079
142.184494 27.095699 0.32765286871490973
139.813797 33.115299 0.0858408382025718
130.876694 33.125 0.05936990078501642
128.272507 26.836 0.22917954252265127
123.011299 24.467199 0.08628831667184238
119.2667 33.2625 0.015959433989077457
120.7147 31.6700 0.017730093775911334
120.0978 31.7725 0.01626114315019177
118.7719 34.5050 0.017100103153662012
118.9831 34.9433 0.018053175354067086
119.0169 31.3531 0.015290480596540423
119.2378 34.3094 0.01735054822834061
120.6589 32.4989 0.018033211787610148
119.0050 33.6147 0.016099075430130824
120.3031 32.0658 0.016742123292954963
119.5428 31.7342 0.015486366577886103
120.9500 31.3900 0.018521312565861262
119.2833 33.7717 0.016600667472964015
118.9447 32.5150 0.015178176932533347
119.1136 31.6464 0.01519762103085977
119.2425 34.6414 0.017923540159569547
118.8544 32.0517 0.015052959232312726
120.8906 31.9517 0.018378284838353603
116.9000 34.8000 0.01737719810448964
117.9700 34.5200 0.01677132797092497
121.6853 31.8364 0.021995609954557974
119.8300 34.9200 0.01978899502223019
121.1353 32.4014 0.019741794744075995
118.1564 33.5444 0.015765785209562927
118.3067 34.0500 0.016260076189661368
120.3600 33.7400 0.018995415848915124
119.9192 32.4092 0.016146610819608567
120.2228 31.5253 0.016530361396532786
119.8467 32.8886 0.016410276904372408
118.3892 34.3808 0.016681320896303913
119.5422 34.4981 0.018227431005739536
118.4900 33.0700 0.015377994307656127
117.1658 34.2314 0.01683648270384686
120.0200 33.3700 0.017379021325829396
119.4472 32.1483 0.015407441402720426
115.3940 25.1430 0.019971083189382927
114.3640 25.3908 0.021154615773825387
116.1940 29.2563 0.019494396341071342
115.7280 27.9325 0.020879745154401868
115.3320 28.5635 0.021250269523729208
114.9750 25.7903 0.02065173889452538
115.7740 25.6063 0.019946578958158982
117.2610 29.2754 0.018393153686610424
114.1610 26.5618 0.022982954937544396
115.0445 27.0635 0.021645457902839105
116.0100 29.6474 0.019379651697115738
116.2470 28.2122 0.020218280093778445
115.8480 27.4101 0.020721399551011346
114.8170 24.7694 0.02025155951533332
116.5760 27.5393 0.020178404999418312
115.8000 28.7700 0.020424150026138913
116.3310 26.2987 0.02005429993048707
117.9760 28.4434 0.019355295313956973
114.8030 26.3652 0.02145711358813786
114.5630 29.0397 0.022354984504059035
115.6080 24.9954 0.019931799219882352
114.3700 27.8090 0.023266104225728935
115.6060 29.0832 0.02047973609982483
116.6250 28.8260 0.019421922216705884
123.0134 41.1054 0.0236852818386602
120.6987 41.7833 0.022262000994653617
123.7797 41.2670 0.02431951439644502
121.7641 41.5991 0.02259483869025206
120.4853 41.5733 0.02160574883476726
124.3903 40.1457 0.03067717070820883
121.6283 38.9062 0.02708850580566349
123.3468 42.5083 0.024223177264455033
123.9167 41.8833 0.023796548539732242
121.5993 42.0528 0.023316582644306996
122.3663 40.4133 0.024131472809239825
123.5833 39.9000 0.02939342274672032
125.3538 41.2788 0.027379592509682176
122.7716 42.5846 0.024552932660621283
119.8769 40.8286 0.019792572579878126
121.1399 41.0754 0.02168067593482055
124.7821 40.7410 0.02823824249845657
123.9500 41.8300 0.023838684815485275
119.3823 41.2187 0.019621342977601392
123.2833 41.2667 0.02374506069217613
124.5889 41.7679 0.024574792783852342
124.9286 42.0788 0.0247683053600241
120.9660 40.7219 0.021429405951647565
123.5780 41.8278 0.02357900484385652
123.9000 42.2667 0.02392699686602669
121.9874 39.6298 0.025628255167899527
124.7120 42.7420 0.02495230068486129
122.8678 42.0709 0.02348304017010108
123.2595 40.2745 0.026487564394389422
122.6032 40.6835 0.023911414395243545
145.645996 16.365299 0.2587847296072575
145.716202 16.358 0.25858539075733217
145.673401 16.3417 0.2583783956522746
145.798508 15.23166 0.2775136603500711
122.6300 43.3000 0.0275489843218613
119.9500 47.1700 0.08038668603078823
115.2700 41.9000 0.020982043999802052
112.0258 40.9650 0.023695282683131126
110.4280 41.7100 0.039894250560947746
109.8800 40.7400 0.034401428505814895
105.7168 38.8461 0.03710771583598353
118.9800 42.3000 0.023115023255357164
121.1770 47.9734 0.07566812196943351
111.0480 40.7279 0.026917169924968717
107.0540 41.0947 0.06784646379509837
121.4600 50.7800 0.11909096706602827
111.5600 40.8700 0.025181218523714622
111.8440 40.3762 0.021753006991440334
119.6590 45.4689 0.061054058248161756
119.7400 49.2700 0.10112040584243709
122.8900 46.7313 0.057920724563721084
113.1520 40.9968 0.020173655951947533
117.5450 43.2445 0.0310307838370254
112.5109 40.5411 0.020132581562401327
118.0540 43.6221 0.03543084250581306
120.8820 44.5462 0.04181973999966921
120.7780 51.2719 0.14556445805623716
117.4400 49.5545 0.1564184310264872
118.8750 41.7251 0.02043608744528236
123.4880 48.1703 0.06760929154675965
111.6734 39.8988 0.0208914807458447
111.9228 43.6860 0.07219161569905344
120.1120 43.8630 0.03568716055174711
108.0800 41.3000 0.05923645279159063
111.7060 41.5191 0.029037770676624056
122.0300 46.0400 0.0549064208920196
106.8392 39.6645 0.04457550582582519
119.8890 42.2545 0.02342113809033802
116.7860 48.6518 0.16614831775345895
116.0800 43.9000 0.04502549937627915
108.7340 40.7398 0.043928960382481036
122.6520 48.0293 0.06893494595446814
106.1701 35.9639 0.021594355575086294
105.6008 36.5012 0.02289836373530651
106.3393 35.4863 0.020666488803236967
106.3313 38.1011 0.030619421083483922
106.0829 37.6962 0.02806372785124513
106.6599 39.2830 0.04066502353788729
106.6968 38.8074 0.03591360047855102
106.2827 37.3032 0.026085058210475916
105.2029 37.2490 0.025494408877393272
105.9328 38.6086 0.034689690252013426
107.4372 37.7785 0.028222852735851556
105.2441 37.5857 0.02717022871161505
142.203003 27.056999 0.3279894399013486
140.109695 36.2108 0.05357975995571583
100.7270 32.9486 0.03739853157589932
101.6973 36.9439 0.027542621095853096
100.2484 34.4782 0.037801436571128055
95.3759 37.9324 0.0869325916084138
97.3775 37.3807 0.059883625543530786
98.1195 36.2822 0.05391616312445711
94.8145 36.1984 0.11126053413664627
90.7138 37.8664 0.2311556124708668
102.2481 36.0737 0.02479325520829901
101.1918 36.6562 0.02875198001819251
102.3972 36.5514 0.02500340935608121
93.4144 38.8189 0.12415079876005343
101.4500 36.3553 0.02745995747508227
101.8392 35.9929 0.025942604113601605
102.1214 36.9182 0.026379723033066654
101.1814 35.8714 0.028543465784424994
98.2081 34.9199 0.0605785245332949
101.4000 37.4716 0.030091628473502153
102.7842 36.3687 0.023986459654663148
100.1818 38.1497 0.03813989919184059
95.8297 34.1709 0.1089342509356633
101.9749 36.2682 0.02567405758852668
98.8953 37.2491 0.043868555895350346
102.0096 35.5191 0.025451567671740404
92.3206 34.2187 0.18918050308410356
99.8089 35.5070 0.03820892953515877
101.7247 36.6278 0.026840598348927158
102.4976 35.8625 0.024079487491542997
97.0155 33.0119 0.09703965302281192
95.3169 32.8943 0.12555650806855836
104.4311 31.6380 0.020871002833586085
105.3365 30.0521 0.02160603060614637
102.8131 30.3715 0.023366309913258405
103.1877 27.8097 0.022787384538984972
106.7445 31.8408 0.020268037269512856
103.7578 30.9100 0.02166559497736894
105.9504 31.7070 0.020245085706607283
103.4542 29.5767 0.021976754238148502
102.1726 30.1173 0.025207316494794827
100.0185 31.6101 0.04518742093068242
102.2528 26.6530 0.02392690721412748
104.3979 29.5717 0.02162845656243838
102.9867 32.0637 0.023858602244718318
104.7361 28.6396 0.022969889112447947
106.8402 30.4163 0.022490891341204702
102.5242 32.8130 0.025700257721759427
104.5456 31.0045 0.020881760229906954
104.5156 28.1789 0.02339717427501615
101.5125 28.9958 0.026491468086604894
105.5597 32.2054 0.02000315638811528
103.9276 29.7939 0.021574127429485234
104.2363 33.2573 0.02105104502108093
103.5703 28.2722 0.022486054378618718
100.8615 27.7143 0.02759056561121644
100.2694 30.0004 0.03772113331570614
105.4136 28.8724 0.023584345352930178
103.5336 28.8405 0.022131295447143356
103.0408 30.0748 0.022679124281749768
102.2239 31.9039 0.026804405418497386
103.1346 28.3274 0.022515954029285846
101.2719 27.9324 0.02611083046636708
102.1739 28.3326 0.023754393209236193
102.5424 27.3839 0.023245287355255006
104.5482 32.4157 0.020685509282730576
101.7425 26.5033 0.024613544810688243
105.2277 32.5932 0.020044210347797888
102.9647 33.5815 0.023841923334074165
100.9799 32.2687 0.03534477286707368
102.3495 29.2260 0.023835529129249484
102.7500 26.8553 0.023572762576256123
103.6031 32.6497 0.022287422609510145
102.7643 30.0735 0.02330681848003677
106.1967 32.1771 0.019902803399260198
103.5876 31.4790 0.02209165156946974
103.7895 29.0526 0.021960450080672853
99.7917 28.9417 0.039005691134507095
105.9016 31.0183 0.02085229823660701
107.7175 31.3738 0.02139150473785576
102.3579 30.9950 0.025407101985996078
102.4478 27.8622 0.02320769443499698
104.1025 30.2009 0.021352411187463675
101.0117 30.0344 0.031327298617420396
105.3612 31.2120 0.02057204502105225
102.2596 27.8486 0.02347122769423664
103.5689 30.8692 0.02195491194829721
104.6729 31.7925 0.020630485332647105
119.2200 36.3700 0.02088600469057107
120.9100 38.3900 0.025862368415578416
120.7400 37.9100 0.02622457687875215
118.0500 34.8500 0.017174890066111448
116.7500 35.1000 0.0175950209958252
117.6700 38.0100 0.017872035419397057
121.3200 36.8200 0.03056522009555333
117.0400 36.6400 0.01797464490173783
116.3500 35.4000 0.017793998276391824
118.8500 35.1700 0.018257716704193412
118.9000 35.5400 0.018957208323800552
120.7200 36.9900 0.02695194701058129
118.6900 34.9500 0.017710295617827533
120.5100 37.5500 0.02573250611900554
118.4900 36.4100 0.019515957156147363
116.0800 35.8100 0.017750409524851338
117.9800 35.5200 0.017972104610707525
120.4000 36.0600 0.02436955953420292
122.4200 37.1700 0.03976796203585401
121.6000 36.9200 0.03261625995277118
119.5200 35.4200 0.01998735177107633
118.4600 34.7000 0.017148616757241567
117.1000 36.2500 0.01801728375872329
121.9200 37.1800 0.034875339927247145
119.2000 35.7500 0.019872014257414226
117.7600 35.9500 0.018275486682486314
118.6300 35.7900 0.018955640029275307
121.3900 37.5200 0.03029577788096276
117.0100 35.3800 0.017657421178978335
121.5333 31.5833 0.0210258522980265
122.0667 30.5833 0.02511237790209419
119.7975 30.4478 0.016832047842208903
120.9033 31.0775 0.018530293393373518
121.7556 31.0475 0.022417254692857453
121.2592 30.7922 0.02016484089284709
121.1860 31.1000 0.019553343959368877
121.1483 31.0783 0.019418600301366253
120.4942 31.2892 0.017221249981352063
109.0372 32.6698 0.019905052268782402
109.1454 34.9740 0.019262046737367707
110.0633 35.4067 0.019226215084439908
109.7197 34.4009 0.018940700976148493
110.1667 34.5200 0.01894041141491779
107.4325 33.2532 0.01916879369049925
106.9940 32.9890 0.01933128769112256
108.7528 34.7089 0.019157679254448896
109.3756 34.1128 0.01894351159935433
109.2124 34.3523 0.018947396771004727
107.8064 34.6766 0.01933279224173097
106.7670 34.9390 0.019831797110276994
106.1395 33.3568 0.019403983744499594
107.8170 34.1283 0.0190294459687776
106.8002 33.2293 0.019251855031468944
108.3234 33.3253 0.019138697173393077
109.4267 35.0583 0.0192414486109518
108.2172 34.5697 0.01916750752781172
109.8740 33.5124 0.019324456345507314
110.8654 33.5180 0.019755690075564967
110.2312 37.4946 0.021564458070683076
107.2852 34.0707 0.0191077022627338
109.1251 35.3920 0.01970256612831451
108.9242 34.0317 0.018935153816701793
107.7161 32.9101 0.019381412097802152
109.3254 36.8721 0.02225697485104278
110.5075 38.8559 0.02303348512287147
108.3242 34.0553 0.018957089768551576
112.2500 36.1600 0.017791969290120082
111.0010 38.9549 0.021358148344542506
113.1800 36.2244 0.017295534296971754
113.0557 39.0518 0.01624680464462923
112.7410 37.9294 0.01656321695128974
111.4100 35.5800 0.018537164539374068
113.7208 39.6684 0.015789920240103252
111.8990 36.6099 0.01791987408499471
112.4360 37.7123 0.017018339929028497
111.7198 38.7784 0.01887493749474827
113.2910 35.6906 0.017870527503643017
111.3667 36.0883 0.018511443564381728
111.2418 37.5290 0.01917122118931043
114.0210 39.3823 0.015253335513746807
111.9509 38.0411 0.01788309413467949
112.3360 38.6870 0.017348202203385295
111.5135 39.4516 0.020442723033917604
113.2374 40.1416 0.01727242338377939
113.7131 40.0845 0.01636923071662784
112.5782 37.3671 0.016918290908214107
113.0030 38.4300 0.01616824268683093
111.2367 35.1200 0.01873298373524976
112.9460 36.6677 0.016999468130355026
110.9500 36.7000 0.019216790674500304
113.7208 37.5690 0.015893582895409007
112.4070 35.4424 0.01828014479204342
114.1577 39.9550 0.01562884789960297
110.6462 34.8389 0.018888025306038843
112.8067 39.2289 0.016791356084744136
112.3693 40.0235 0.01902128111235388
113.3483 40.2723 0.017350561593127492
113.3502 37.0993 0.016434596112530023
117.4960 40.0764 0.015999996380230405
117.2480 39.9100 0.015710706086331055
102.352654 12.74415 0.35314235809370464
98.944328 18.813829 0.18606163017974817
101.624397 17.509279 0.19301737633359312
97.963226 19.31485 0.21768140701552
101.3209 14.31523 0.24386607295229926
103.145699 18.063459 0.23151291523985795
100.96875 16.573481 0.19988486085476814
100.229324 18.498913 0.16766524509400707
99.792877 12.47263 0.31461391545092376
99.121246 14.39476 0.28732342761901963
99.629448 9.16634 0.6699203013203424
118.388199 24.4638 0.025990321655364412
121.594704 24.1738 0.057065754360208866
120.954002 23.7876 0.05204418902856305
120.629601 23.300501 0.054917115836793436
121.079903 22.817699 0.07241084792138969
121.375702 24.6695 0.049139439722193735
121.297096 23.3925 0.06332482825882509
88.1276 47.8842 0.12559747269557525
93.0142 43.5233 0.14021861592737295
90.5139 45.2839 0.08959682227500353
87.1790 46.9930 0.09245255951741546
89.6300 46.9700 0.10901269682512021
88.5767 43.5250 0.06592838484366326
86.5520 48.2310 0.14142127770782578
85.7680 46.7700 0.09337812806409482
89.4410 42.9760 0.07662383468729562
88.1732 42.2682 0.07999355142311344
84.8149 45.6565 0.08519345953767456
85.8100 41.8899 0.09855331260867618
87.0606 43.6378 0.0630587977293883
84.2750 45.5639 0.09314193578256705
84.1670 42.0220 0.12985959605737668
90.2959 43.8086 0.0801895393181536
90.7300 46.4910 0.1170671800250537
85.4810 37.2930 0.5517608905389685
87.5614 43.8653 0.061859926705727215
88.8280 38.9730 0.23737620049413696
85.6869 43.9172 0.06891478182936375
85.8500 44.2000 0.06700606780575549
86.6531 43.7133 0.06382264724847489
83.1670 46.9380 0.15435766055292663
88.0878 43.8886 0.06261980392563804
89.0320 44.9010 0.06886411105497796
87.6950 43.6544 0.06272294172283219
87.6853 43.4569 0.06378554574895111
84.6408 44.1231 0.08112414644761079
94.0020 41.9440 0.13422743953415844
97.1700 31.1400 0.10262017049871053
91.0700 30.5300 0.13573015785968026
94.3400 29.6700 0.16164371404279096
91.1200 29.7100 0.1387451931329088
91.7500 29.8500 0.13459538881559413
92.0900 31.4500 0.13650249482773258
90.1500 29.4300 0.15886667247000308
88.8700 29.2300 0.22051654570852094
91.7500 29.2200 0.14696000086758773
99.1466 25.1180 0.03860409493094377
99.2585 23.1364 0.051937431384836266
101.5356 25.0293 0.027701334075332183
101.3164 25.7268 0.026301584189625967
103.1866 26.0922 0.025014137382040853
99.9475 26.1088 0.031219842682242135
105.6202 23.6249 0.04074585422681061
103.1596 23.3535 0.03898763223641915
98.6707 27.7449 0.04877813743939985
106.6640 26.4590 0.03451327856663361
100.1512 26.5490 0.03008140028812918
102.7475 25.1483 0.027090860952512806
101.1993 26.5871 0.02572757087607495
100.7351 23.5019 0.0383570713669719
100.7382 22.0194 0.05987032450803541
103.2234 22.7825 0.04613906531125632
102.7598 23.6504 0.03557430250186324
102.7475 25.1483 0.027090860952512806
99.9206 22.5524 0.05454696508904999
100.0689 23.8785 0.038093960110937866
100.2322 26.8956 0.029879497959274914
104.2911 24.8856 0.03114697968974022
102.4497 25.5408 0.02575040659582611
98.8518 25.8317 0.040776206393551874
103.5752 25.4273 0.02736513445180401
98.5925 24.4245 0.04791313193765112
99.5796 22.3365 0.06150788795533203
103.3885 24.4058 0.0313204234336624
101.5276 21.4259 0.07286184916842683
104.7024 23.1284 0.04417325777968768
102.9434 26.9095 0.02354679844880855
98.5197 25.0289 0.04621927413637868
102.7881 24.1128 0.03213715134904409
100.2540 25.6093 0.0299871643592766
98.0709 24.0851 0.059330570460420784
104.2518 23.4076 0.040655299368751494
104.1357 26.0881 0.026770520916897887
104.2315 28.1117 0.023122135215169634
102.1440 24.7002 0.02857763311304065
99.2454 24.0357 0.04295885370089029
100.7683 26.6941 0.027159334017894936
101.9780 23.5659 0.03584172444306415
99.3717 25.8854 0.035490993664747554
101.8607 25.6894 0.025593867852562395
100.1475 24.4348 0.03420843003443541
103.7179 27.3221 0.023610305693012045
99.6984 27.8232 0.03586370091281511
118.4130 29.4695 0.017706358958186525
119.6578 31.0865 0.01591658335552692
120.8476 30.3831 0.01927006007161683
120.1140 30.2665 0.01763514605927428
120.0952 30.8423 0.016759768385050014
120.8877 30.7802 0.01878026692661939
118.9578 30.1433 0.016636104387812867
121.5202 29.9837 0.023119981094931
121.7042 29.2458 0.027145948975732
119.0635 27.6164 0.021923820701763522
122.4507 30.7055 0.028124571836070134
120.6677 27.9271 0.026950197920489728
118.8256 28.6961 0.019411929935506233
119.2708 29.4817 0.018109707148382316
120.8622 29.4818 0.02166717047034517
120.1052 29.8938 0.018379458005153733
121.3262 29.8008 0.02267024211872004
120.2008 28.9621 0.021181350684032346
121.0803 28.4149 0.02714309762316737
121.0939 29.9534 0.021162735928544663
122.1165 30.0378 0.026957693419884743