> file from Tom Parsons (USGS - Menlo Park) sent to Carl Tape on 20-March-2008
19.792	37.594
19.762	37.586
19.759	37.583
19.759	37.580
19.759	37.577
19.755	37.574
19.755	37.571
19.755	37.565
19.751	37.559
19.751	37.557
19.748	37.551
19.748	37.545
19.744	37.542
19.740	37.533
19.737	37.528
19.733	37.522
19.730	37.516
19.730	37.505
19.726	37.499
19.726	37.487
19.722	37.481
19.722	37.470
19.719	37.458
19.719	37.450
19.715	37.444
19.711	37.438
19.708	37.435
19.704	37.435
19.700	37.432
19.697	37.432
19.693	37.432
19.682	37.421
19.675	37.415
19.667	37.403
19.664	37.395
19.664	37.389
19.660	37.386
19.656	37.380
19.653	37.374
19.645	37.366
19.642	37.360
19.638	37.354
19.634	37.340
19.623	37.325
19.616	37.316
19.609	37.311
19.591	37.302
19.580	37.293
19.572	37.284
19.565	37.276
19.558	37.267
19.558	37.261
19.554	37.258
19.550	37.258
19.536	37.253
19.525	37.241
19.517	37.229
19.507	37.218
19.499	37.215
19.492	37.212
19.477	37.209
19.466	37.203
19.463	37.200
19.452	37.195
19.444	37.189
19.441	37.189
19.433	37.186
19.430	37.186
19.426	37.186
19.426	37.183
19.422	37.183
19.422	37.180
19.411	37.180
19.408	37.180
19.400	37.177
19.393	37.174
19.386	37.168
19.382	37.163
19.375	37.160
19.371	37.157
19.360	37.154
19.353	37.151
19.346	37.148
19.335	37.142
19.320	37.134
19.313	37.128
19.302	37.122
19.287	37.116
19.276	37.113
19.262	37.110
19.254	37.099
19.251	37.099
19.251	37.093
19.243	37.087
19.240	37.081
19.232	37.079
19.225	37.076
19.218	37.067
19.210	37.061
19.203	37.055
19.199	37.053
19.192	37.050
19.185	37.047
19.174	37.044
19.174	37.041
19.159	37.038
19.156	37.035
19.148	37.032
19.137	37.026
19.134	37.023
19.130	37.021
19.126	37.021
19.126	37.018
19.123	37.018
19.119	37.018
19.112	37.015
19.101	37.012
19.093	37.006
19.090	37.006
19.086	37.006
19.075	37.000
19.071	37.000
19.068	36.997
19.064	36.994
19.060	36.992
19.053	36.986
19.046	36.986
19.042	36.983
19.042	36.980
19.039	36.974
19.035	36.971
19.035	36.968
19.031	36.963
19.031	36.957
19.031	36.954
19.031	36.951
19.028	36.942
19.024	36.939
19.013	36.934
19.009	36.928
19.006	36.922
19.002	36.913
19.002	36.905
19.002	36.902
18.998	36.902
18.991	36.893
18.991	36.887
18.987	36.879
18.984	36.873
18.984	36.864
18.984	36.867
18.980	36.867
18.973	36.858
18.965	36.850
18.962	36.844
18.951	36.838
18.951	36.832
18.947	36.829
18.936	36.821
18.929	36.818
18.922	36.812
18.914	36.809
18.907	36.806
18.900	36.800
18.892	36.795
18.885	36.792
18.878	36.789
18.874	36.786
18.863	36.786
18.856	36.786
18.848	36.786
18.837	36.786
18.834	36.783
18.827	36.780
18.819	36.777
18.816	36.777
18.812	36.774
18.808	36.774
18.801	36.771
18.794	36.768
18.790	36.768
18.786	36.768
18.786	36.766
18.783	36.766
18.779	36.760
18.772	36.757
18.772	36.754
18.768	36.751
18.768	36.748
18.764	36.748
18.764	36.745
18.761	36.742
18.757	36.734
18.753	36.728
18.757	36.731
18.761	36.731
18.757	36.731
18.753	36.731
18.753	36.725
18.750	36.719
18.746	36.713
18.742	36.708
18.742	36.705
18.739	36.702
18.735	36.702
18.731	36.699
18.728	36.696
18.728	36.693
18.724	36.687
18.721	36.682
18.717	36.682
18.706	36.676
18.699	36.676
18.695	36.673
18.691	36.664
18.688	36.658
18.684	36.653
18.680	36.647
18.666	36.644
18.658	36.638
18.651	36.635
18.647	36.629
18.644	36.627
18.644	36.624
18.644	36.621
18.633	36.612
18.633	36.603
18.625	36.592
18.625	36.589
18.622	36.589
18.622	36.586
18.622	36.577
18.618	36.572
18.614	36.560
18.611	36.554
18.611	36.545
18.607	36.543
18.604	36.534
18.600	36.528
18.600	36.519
18.593	36.511
18.585	36.493
18.585	36.482
18.585	36.473
18.585	36.467
18.585	36.456
18.585	36.453
18.585	36.450
18.582	36.447
18.582	36.444
18.578	36.438
18.578	36.424
18.574	36.412
18.571	36.404
18.571	36.395
18.567	36.383
18.567	36.375
18.563	36.363
18.563	36.355
18.560	36.346
18.560	36.340
18.560	36.337
18.556	36.311
18.552	36.302
18.552	36.294
18.541	36.279
18.538	36.271
18.538	36.262
18.534	36.247
18.534	36.245
18.534	36.236
18.534	36.233
18.534	36.230
18.530	36.207
18.527	36.195
18.523	36.181
18.523	36.175
18.523	36.172
18.523	36.169
18.530	36.135
18.534	36.126
18.538	36.120
18.541	36.117
18.545	36.117
18.552	36.114
18.556	36.112
18.563	36.112
18.567	36.109
18.571	36.109
18.578	36.106
18.582	36.103
18.585	36.100
18.593	36.097
18.600	36.097
18.607	36.094
18.611	36.094
18.618	36.091
18.622	36.089
18.625	36.083
18.629	36.077
18.633	36.068
18.636	36.063
18.640	36.060
18.644	36.057
18.647	36.054
18.647	36.051
18.647	36.042
18.644	36.037
18.640	36.034
18.636	36.034
18.633	36.022
18.633	36.016
18.629	36.008
18.629	36.002
18.625	35.996
18.622	35.993
18.618	35.987
18.618	35.984
18.618	35.982
18.618	35.976
18.618	35.970
18.618	35.964
18.618	35.958
18.625	35.953
18.625	35.950
18.633	35.944
18.636	35.941
18.651	35.912
18.655	35.906
18.655	35.901
18.655	35.895
18.644	35.892
18.636	35.886
18.625	35.880
18.622	35.877
18.622	35.875
18.618	35.869
18.618	35.866
18.618	35.863
18.618	35.854
18.618	35.849
18.618	35.843
18.618	35.840
18.614	35.837
18.611	35.837
18.611	35.834
18.614	35.825
18.622	35.820
18.625	35.811
18.625	35.808
18.625	35.802
18.625	35.796
18.629	35.788
18.633	35.773
18.633	35.768
18.633	35.762
18.629	35.756
18.629	35.753
18.629	35.744
18.629	35.739
18.629	35.730
18.629	35.724
18.633	35.718
18.636	35.716
18.636	35.713
18.644	35.707
18.647	35.704
18.651	35.698
18.651	35.695
18.651	35.690
18.655	35.690
18.662	35.678
18.666	35.669
18.666	35.664
18.669	35.655
18.669	35.652
18.673	35.646
18.680	35.640
18.684	35.635
18.688	35.632
18.695	35.629
18.702	35.620
18.710	35.617
18.713	35.614
18.717	35.612
18.717	35.609
18.717	35.606
18.717	35.597
18.717	35.591
18.721	35.583
18.724	35.574
18.728	35.568
18.731	35.562
18.731	35.557
18.731	35.554
18.731	35.545
18.731	35.539
18.731	35.533
18.731	35.525
18.728	35.522
18.728	35.519
18.724	35.516
18.724	35.502
18.724	35.496
18.724	35.490
18.728	35.484
18.728	35.481
18.731	35.476
18.731	35.470
18.731	35.461
18.731	35.455
18.731	35.453
18.728	35.450
18.728	35.447
18.728	35.441
18.728	35.435
18.728	35.432
18.728	35.426
18.731	35.418
18.731	35.415
18.731	35.409
18.735	35.400
18.739	35.389
18.742	35.380
18.742	35.377
18.742	35.374
18.742	35.372
18.746	35.366
18.750	35.354
18.753	35.348
18.761	35.340
18.764	35.334
18.768	35.328
18.768	35.320
18.768	35.314
18.768	35.305
18.768	35.302
18.768	35.296
18.768	35.291
18.768	35.288
18.772	35.288
18.775	35.285
18.775	35.282
18.779	35.279
18.783	35.276
18.786	35.276
18.790	35.268
18.794	35.262
18.794	35.256
18.797	35.250
18.801	35.247
18.801	35.242
18.808	35.233
18.808	35.230
18.812	35.224
18.816	35.218
18.816	35.213
18.816	35.207
18.819	35.201
18.819	35.198
18.823	35.192
18.827	35.187
18.834	35.178
18.845	35.172
18.848	35.169
18.852	35.166
18.852	35.164
18.852	35.158
18.856	35.152
18.859	35.146
18.859	35.143
18.863	35.140
18.870	35.135
18.874	35.132
18.878	35.129
18.870	35.117
18.874	35.117
18.878	35.114
18.881	35.112
18.885	35.103
18.892	35.091
18.900	35.083
18.911	35.074
18.914	35.065
18.925	35.054
18.933	35.039
18.936	35.031
18.944	35.019
18.954	35.010
18.962	35.008
18.969	34.999
18.976	34.996
18.980	34.990
18.987	34.984
18.995	34.976
19.002	34.967
19.017	34.961
19.031	34.950
19.042	34.941
19.057	34.930
19.068	34.921
19.075	34.915
19.079	34.909
19.079	34.907
19.079	34.904
19.086	34.895
19.093	34.883
19.101	34.881
19.108	34.875
19.115	34.869
19.123	34.863
19.126	34.855
19.130	34.846
19.137	34.840
19.137	34.834
19.145	34.829
19.152	34.820
19.159	34.820
19.163	34.817
19.167	34.814
19.170	34.811
19.174	34.803
19.181	34.794
19.181	34.788
19.188	34.777
19.196	34.771
19.203	34.762
19.214	34.753
19.214	34.751
19.214	34.748
19.214	34.745
19.221	34.739
19.225	34.727
19.229	34.722
19.229	34.716
19.225	34.710
19.218	34.704
19.203	34.696
19.203	34.684
19.203	34.675
19.203	34.664
19.203	34.661
19.207	34.652
19.207	34.646
19.207	34.638
19.199	34.632
19.196	34.629
19.192	34.623
19.188	34.617
19.188	34.615
19.188	34.612
19.192	34.603
19.192	34.594
19.192	34.583
19.192	34.577
19.188	34.571
19.181	34.560
19.177	34.551
19.177	34.545
19.181	34.534
19.188	34.528
19.192	34.522
19.199	34.511
19.207	34.502
19.210	34.496
19.214	34.487
19.214	34.484
19.218	34.485
19.221	34.479
19.232	34.470
19.240	34.461
19.251	34.453
19.254	34.447
19.258	34.435
19.262	34.427
19.265	34.412
19.269	34.407
19.276	34.401
19.283	34.392
19.294	34.378
19.298	34.378
19.302	34.372
19.316	34.360
19.320	34.352
19.327	34.343
19.331	34.334
19.335	34.326
19.338	34.320
19.342	34.317
19.349	34.311
19.360	34.305
19.368	34.300
19.375	34.288
19.382	34.279
19.390	34.274
19.400	34.271
19.411	34.268
19.422	34.268
19.430	34.268
19.437	34.265
19.444	34.265
19.455	34.256
19.463	34.254
19.470	34.251
19.477	34.248
19.488	34.242
19.496	34.236
19.510	34.236
19.514	34.233
19.525	34.231
19.543	34.225
19.554	34.222
19.569	34.219
19.580	34.210
19.591	34.199
19.605	34.187
19.616	34.184
19.634	34.184
19.645	34.182
19.656	34.179
19.667	34.173
19.675	34.170
19.678	34.170
19.686	34.158
19.689	34.153
19.689	34.147
19.693	34.147
19.697	34.147
19.704	34.138
19.715	34.132
19.719	34.127
19.726	34.121
19.733	34.115
19.751	34.109
19.762	34.107
19.773	34.107
19.777	34.104
19.788	34.098
19.799	34.092
19.810	34.083
19.814	34.072
19.814	34.063
19.814	34.055
19.810	34.043
19.810	34.037
19.810	34.029
19.810	34.026
19.814	34.023
19.814	34.011
19.817	34.003
19.821	33.997
19.821	33.991
19.821	33.985
19.821	33.976
19.821	33.968
19.821	33.956
19.828	33.950
19.832	33.945
19.843	33.942
19.846	33.939
19.850	33.939
19.861	33.936
19.872	33.933
19.883	33.930
19.890	33.927
19.898	33.925
19.905	33.925
19.916	33.919
19.923	33.919
19.934	33.907
19.942	33.902
19.945	33.893
19.953	33.887
19.956	33.881
19.963	33.870
19.974	33.864
19.985	33.855
20.000	33.847
20.007	33.838
20.018	33.835
20.029	33.832
20.037	33.826
20.059	33.821
20.066	33.812
20.077	33.806
20.088	33.803
20.099	33.798
20.110	33.792
20.124	33.786
20.132	33.780
20.139	33.775
20.143	33.775
20.150	33.775
20.150	33.772
20.161	33.766
20.172	33.760
20.183	33.752
20.197	33.749
20.216	33.737
20.234	33.723
20.252	33.717
20.289	33.697
20.307	33.688
20.322	33.685
20.336	33.682
20.366	33.680
20.380	33.671
20.399	33.668
20.409	33.662
20.428	33.659
20.439	33.654
20.442	33.654
20.446	33.654
20.450	33.654
20.453	33.654
20.461	33.648
20.468	33.636
20.472	33.631
20.490	33.619
20.497	33.613
20.501	33.607
20.501	33.596
20.501	33.581
20.501	33.573
20.501	33.564
20.508	33.552
20.516	33.544
20.523	33.535
20.530	33.521
20.530	33.515
20.530	33.509
20.545	33.509
20.548	33.509
20.556	33.515
20.563	33.518
20.567	33.521
20.574	33.521
20.581	33.524
20.589	33.524
20.596	33.524
20.603	33.527
20.607	33.527
20.611	33.530
20.614	33.530
20.618	33.530
20.622	33.530
20.625	33.530
20.629	33.530
20.629	33.527
20.632	33.518
20.636	33.512
20.640	33.509
20.643	33.501
20.647	33.495
20.651	33.480
20.651	33.478
20.651	33.469
20.651	33.466
20.654	33.466
20.662	33.463
20.665	33.463
20.669	33.463
20.673	33.463
20.676	33.463
20.687	33.463
20.687	33.460
20.691	33.460
20.695	33.460
20.698	33.460
20.706	33.460
20.709	33.457
20.720	33.455
20.728	33.452
20.742	33.449
20.753	33.443
20.771	33.443
20.782	33.440
20.793	33.440
20.801	33.440
20.812	33.437
20.823	33.432
20.837	33.429
20.848	33.426
20.863	33.423
20.881	33.420
20.892	33.417
20.903	33.417
20.914	33.417
20.929	33.417
20.943	33.417
20.954	33.417
20.965	33.417
20.976	33.417
20.983	33.420
20.991	33.426
21.002	33.429
21.013	33.438
21.016	33.441
21.024	33.443
21.027	33.446
21.042	33.449
21.053	33.455
21.060	33.458
21.071	33.464
21.082	33.470
21.089	33.472
21.100	33.478
21.111	33.487
21.122	33.493
21.130	33.496
21.137	33.501
21.148	33.513
21.152	33.522
21.166	33.530
21.177	33.536
21.185	33.539
21.192	33.542
21.192	33.545
21.199	33.548
21.206	33.551
21.210	33.551
21.210	33.554
21.217	33.557
21.225	33.565
21.232	33.568
21.236	33.571
21.239	33.571
21.247	33.565
21.250	33.559
21.250	33.554
21.250	33.548
21.250	33.542
21.250	33.533
21.247	33.528
21.243	33.522
21.243	33.516
21.239	33.510
21.236	33.505
21.236	33.496
21.236	33.487
21.236	33.478
21.236	33.470
21.236	33.464
21.228	33.458
21.221	33.450
21.217	33.444
21.217	33.441
21.217	33.438
21.225	33.432
21.228	33.426
21.232	33.421
21.236	33.418
21.243	33.412
21.258	33.412
21.272	33.412
21.276	33.415
21.287	33.418
21.294	33.418
21.305	33.418
21.320	33.418
21.334	33.418
21.349	33.418
21.364	33.415
21.386	33.412
21.389	33.412
21.389	33.409
21.397	33.401
21.404	33.395
21.411	33.392
21.415	33.392
21.426	33.392
21.444	33.389
21.451	33.383
21.459	33.378
21.473	33.375
21.484	33.375
21.495	33.375
21.510	33.375
21.521	33.375
21.528	33.372
21.543	33.372
21.554	33.369
21.565	33.369
21.576	33.369
21.587	33.369
21.598	33.369
21.609	33.369
21.620	33.369
21.627	33.369
21.641	33.369
21.652	33.369
21.671	33.369
21.685	33.369
21.704	33.372
21.715	33.375
21.729	33.378
21.740	33.378
21.744	33.378
21.751	33.378
21.755	33.378
21.766	33.378
21.784	33.378
21.799	33.375
21.813	33.372
21.828	33.372
21.846	33.372
21.857	33.372
21.868	33.372
21.886	33.373
21.905	33.373
21.919	33.375
21.934	33.381
21.949	33.384
21.963	33.390
21.978	33.393
21.989	33.393
22.029	33.410
22.055	33.413
22.066	33.413
22.077	33.410
22.084	33.408
22.102	33.405
22.106	33.405
22.109	33.405
22.113	33.405
22.117	33.405
22.120	33.402
22.128	33.399
22.135	33.396
22.150	33.396
22.168	33.396
22.190	33.396
22.204	33.399
22.223	33.399
22.241	33.399
22.259	33.393
22.274	33.390
22.292	33.391
22.314	33.393
22.325	33.396
22.343	33.396
22.354	33.396
22.373	33.396
22.387	33.399
22.398	33.402
22.409	33.405
22.417	33.414
22.431	33.420
22.442	33.423
22.460	33.423
22.471	33.423
22.479	33.423
22.482	33.423
22.486	33.423
22.490	33.423
22.501	33.423
22.512	33.420
22.519	33.420
22.523	33.420
22.534	33.417
22.559	33.411
22.577	33.403
22.581	33.403
22.592	33.403
22.596	33.403
22.603	33.403
22.610	33.403
22.614	33.400
22.621	33.394
22.629	33.391
22.636	33.391
22.643	33.388
22.654	33.388
22.665	33.388
22.676	33.385
22.683	33.382
22.698	33.383
22.705	33.380
22.716	33.377
22.724	33.377
22.731	33.371
22.738	33.371
22.749	33.368
22.757	33.368
22.767	33.368
22.778	33.362
22.789	33.362
22.797	33.360
22.808	33.357
22.811	33.357
22.815	33.357
22.826	33.357
22.837	33.357
22.844	33.357
22.852	33.354
22.870	33.354
22.881	33.348
22.892	33.348
22.899	33.348
22.906	33.348
22.910	33.348
22.961	33.368
22.990	33.371
22.998	33.371
23.005	33.371
23.023	33.369
23.031	33.366
23.042	33.366
23.053	33.366
23.060	33.366
23.067	33.369
23.078	33.369
23.086	33.369
23.093	33.372
23.104	33.372
23.115	33.372
23.122	33.372
23.133	33.372
23.148	33.372
23.159	33.372
23.173	33.369
23.184	33.369
23.203	33.366
23.210	33.363
23.221	33.360
23.224	33.360
23.228	33.360
23.232	33.363
23.235	33.363
23.239	33.363
23.239	33.360
23.250	33.357
23.261	33.349
23.272	33.346
23.279	33.343
23.287	33.343
23.294	33.343
23.305	33.340
23.312	33.340
23.320	33.337
23.327	33.334
23.341	33.331
23.349	33.329
23.356	33.326
23.367	33.326
23.374	33.323
23.389	33.323
23.404	33.320
23.415	33.320
23.418	33.317
23.440	33.317
23.451	33.314
23.466	33.314
23.510	33.309
23.524	33.309
23.539	33.306
23.553	33.300
23.561	33.300
23.564	33.300
23.572	33.297
23.579	33.297
23.583	33.294
23.594	33.294
23.601	33.294
23.608	33.294
23.616	33.294
23.627	33.294
23.634	33.294
23.641	33.294
23.649	33.294
23.660	33.292
23.663	33.292
23.667	33.289
23.674	33.289
23.685	33.289
23.692	33.289
23.692	33.286
23.700	33.283
23.707	33.280
23.714	33.277
23.722	33.277
23.733	33.277
23.747	33.274
23.758	33.274
23.766	33.274
23.776	33.274
23.787	33.271
23.802	33.269
23.813	33.266
23.820	33.260
23.831	33.257
23.842	33.254
23.853	33.248
23.864	33.246
23.872	33.243
23.879	33.240
23.886	33.240
23.893	33.237
23.901	33.231
23.904	33.225
23.912	33.220
23.919	33.214
23.930	33.208
23.941	33.202
23.952	33.199
23.959	33.197
23.967	33.188
23.974	33.179
23.978	33.173
23.985	33.165
23.992	33.159
23.999	33.153
24.003	33.145
24.007	33.142
24.014	33.133
24.021	33.127
24.025	33.124
24.025	33.121
24.032	33.121
24.036	33.119
24.036	33.116
24.040	33.113
24.051	33.107
24.062	33.101
24.069	33.096
24.076	33.090
24.080	33.087
24.087	33.081
24.095	33.075
24.102	33.067
24.109	33.058
24.113	33.052
24.124	33.046
24.127	33.046
24.135	33.044
24.138	33.041
24.142	33.038
24.146	33.038
24.146	33.035
24.149	33.032
24.160	33.020
24.168	33.018
24.175	33.015
24.179	33.012
24.182	33.009
24.186	33.003
24.186	33.000
24.193	32.995
24.197	32.995
24.204	32.992
24.212	32.989
24.222	32.989
24.226	32.983
24.237	32.983
24.244	32.977
24.252	32.974
24.263	32.969
24.266	32.966
24.270	32.963
24.277	32.960
24.285	32.957
24.303	32.954
24.310	32.951
24.318	32.948
24.321	32.943
24.325	32.940
24.336	32.931
24.343	32.928
24.354	32.928
24.361	32.925
24.376	32.925
24.383	32.923
24.387	32.917
24.391	32.914
24.398	32.911
24.405	32.908
24.413	32.905
24.420	32.899
24.424	32.899
24.427	32.899
24.435	32.899
24.446	32.899
24.460	32.902
24.467	32.905
24.478	32.908
24.486	32.911
24.493	32.911
24.497	32.911
24.500	32.911
24.504	32.911
24.508	32.911
24.519	32.911
24.526	32.911
24.544	32.905
24.552	32.905
24.559	32.903
24.570	32.900
24.581	32.900
24.592	32.900
24.603	32.900
24.617	32.900
24.628	32.900
24.639	32.891
24.650	32.888
24.654	32.888
24.658	32.888
24.661	32.888
24.665	32.888
24.669	32.888
24.676	32.885
24.679	32.885
24.687	32.883
24.698	32.880
24.705	32.877
24.716	32.874
24.716	32.871
24.742	32.868
24.753	32.868
24.767	32.865
24.782	32.862
24.796	32.854
24.818	32.848
24.833	32.845
24.844	32.842
24.862	32.839
24.881	32.837
24.895	32.834
24.906	32.828
24.913	32.828
24.917	32.828
24.917	32.825
24.921	32.825
24.924	32.825
24.928	32.825
24.935	32.822
24.946	32.819
24.954	32.819
24.961	32.814
24.976	32.811
24.983	32.808
24.994	32.805
25.005	32.802
25.016	32.799
25.027	32.796
25.041	32.791
25.052	32.788
25.060	32.782
25.078	32.776
25.089	32.773
25.093	32.770
25.111	32.768
25.133	32.759
25.147	32.753
25.158	32.753
25.166	32.750
25.180	32.744
25.191	32.742
25.213	32.736
25.224	32.730
25.232	32.727
25.239	32.721
25.242	32.721
25.246	32.719
25.250	32.719
25.257	32.716
25.268	32.713
25.279	32.710
25.286	32.707
25.290	32.707
25.294	32.704
25.297	32.704
25.301	32.701
25.312	32.698
25.312	32.696
25.319	32.696
25.323	32.696
25.327	32.690
25.330	32.684
25.345	32.681
25.352	32.681
25.359	32.675
25.370	32.670
25.381	32.667
25.389	32.661
25.396	32.658
25.407	32.655
25.411	32.652
25.425	32.647
25.433	32.644
25.440	32.635
25.447	32.632
25.458	32.626
25.465	32.623
25.476	32.621
25.487	32.618
25.495	32.612
25.502	32.609
25.509	32.606
25.520	32.600
25.528	32.598
25.542	32.592
25.553	32.586
25.561	32.580
25.571	32.577
25.582	32.575
25.597	32.566
25.608	32.563
25.623	32.560
25.637	32.560
25.648	32.557
25.663	32.554
25.681	32.543
25.688	32.540
25.703	32.537
25.714	32.537
25.721	32.537
25.729	32.537
25.740	32.540
25.754	32.540
25.773	32.543
25.784	32.543
25.794	32.543
25.805	32.543
25.820	32.540
25.831	32.534
25.842	32.534
25.846	32.534
25.849	32.534
25.853	32.534
25.857	32.534
25.860	32.534
25.864	32.534
25.864	32.532
25.879	32.532
25.890	32.529
25.904	32.529
25.911	32.529
25.922	32.529
25.930	32.526
25.941	32.526
25.952	32.526
25.955	32.523
25.970	32.523
25.981	32.523
25.992	32.523
25.999	32.523
26.014	32.523
26.025	32.523
26.036	32.523
26.050	32.523
26.065	32.526
26.087	32.526
26.113	32.526
26.127	32.526
26.145	32.526
26.156	32.526
26.164	32.532
26.175	32.535
26.186	32.535
26.197	32.538
26.204	32.538
26.208	32.538
26.211	32.538
26.219	32.541
26.222	32.541
26.230	32.541
26.241	32.541
26.251	32.541
26.259	32.541
26.273	32.541
26.284	32.544
26.295	32.550
26.306	32.553
26.317	32.558
26.325	32.561
26.339	32.567
26.354	32.573
26.357	32.576
26.376	32.579
26.390	32.584
26.405	32.590
26.420	32.596
26.434	32.605
26.445	32.611
26.449	32.616
26.464	32.619
26.474	32.625
26.485	32.631
26.507	32.640
26.518	32.643
26.544	32.648
26.562	32.654
26.584	32.663
26.602	32.674
26.624	32.686
26.628	32.686
26.624	32.686
26.624	32.689
26.628	32.692
26.646	32.701
26.654	32.706
26.672	32.712
26.683	32.715
26.697	32.724
26.708	32.727
26.719	32.730
26.730	32.733
26.741	32.741
26.752	32.750
26.763	32.759
26.778	32.767
26.789	32.770
26.803	32.773
26.825	32.782
26.844	32.788
26.855	32.799
26.862	32.808
26.880	32.822
26.899	32.837
26.906	32.843
26.895	32.840
26.888	32.837
26.895	32.837
26.902	32.846
26.920	32.854
26.935	32.863
26.950	32.875
26.972	32.883
27.008	32.898
27.052	32.909
27.067	32.921
27.070	32.936
27.074	32.944
27.081	32.953
27.092	32.959
27.107	32.964
27.118	32.970
27.133	32.979
27.136	32.988
27.140	32.991
27.151	32.996
27.154	33.002
27.162	33.005
27.169	33.011
27.180	33.017
27.191	33.022
27.198	33.028
27.202	33.040
27.209	33.046
27.224	33.054
27.231	33.063
27.246	33.069
27.260	33.075
27.271	33.080
27.279	33.089
27.286	33.095
27.301	33.098
27.312	33.104
27.330	33.107
27.345	33.109
27.356	33.112
27.370	33.118
27.377	33.124
27.388	33.136
27.399	33.138
27.410	33.138
27.414	33.139
27.462	33.136
27.465	33.136
27.483	33.142
27.494	33.150
27.498	33.150
27.505	33.153
27.524	33.156
27.527	33.156
27.542	33.156
27.553	33.165
27.568	33.168
27.582	33.171
27.600	33.176
27.608	33.176
27.622	33.179
27.633	33.179
27.648	33.179
27.663	33.179
27.674	33.182
27.688	33.185
27.692	33.191
27.706	33.194
27.721	33.194
27.732	33.194
27.743	33.194
27.747	33.197
27.750	33.197
27.761	33.200
27.780	33.206
27.794	33.209
27.816	33.211
27.827	33.214
27.842	33.217
27.856	33.220
27.871	33.226
27.878	33.232
27.893	33.235
27.893	33.238
27.897	33.238
27.911	33.246
27.926	33.249
27.937	33.258
27.951	33.267
27.966	33.275
27.973	33.287
27.984	33.296
27.995	33.301
28.003	33.313
28.017	33.322
28.017	33.325
28.021	33.327
28.025	33.327
28.050	33.342
28.065	33.354
28.079	33.371
28.083	33.383
28.090	33.400
28.098	33.411
28.112	33.423
28.120	33.435
28.134	33.443
28.145	33.455
28.152	33.469
28.163	33.478
28.171	33.490
28.185	33.498
28.196	33.507
28.207	33.516
28.211	33.522
28.218	33.530
28.222	33.536
28.222	33.539
28.222	33.542
28.226	33.542
28.233	33.548
28.233	33.553
28.233	33.559
28.233	33.565
28.233	33.568
28.226	33.568
28.218	33.568
28.211	33.568
28.204	33.568
28.200	33.571
28.196	33.576
28.189	33.582
28.185	33.585
28.182	33.588
28.178	33.591
28.178	33.594
28.178	33.597
28.178	33.602
28.185	33.611
28.189	33.617
28.196	33.623
28.200	33.629
28.204	33.631
28.211	33.637
28.218	33.643
28.226	33.652
28.233	33.657
28.244	33.672
28.251	33.681
28.262	33.689
28.273	33.701
28.280	33.713
28.284	33.718
28.299	33.727
28.313	33.736
28.317	33.741
28.321	33.741
28.321	33.744
28.332	33.750
28.339	33.756
28.346	33.762
28.354	33.768
28.365	33.776
28.372	33.779
28.383	33.785
28.390	33.788
28.397	33.788
28.408	33.791
28.416	33.794
28.427	33.799
28.434	33.805
28.445	33.811
28.456	33.814
28.471	33.817
28.482	33.820
28.500	33.829
28.514	33.834
28.544	33.846
28.558	33.852
28.577	33.855
28.580	33.858
28.584	33.858
28.584	33.860
28.595	33.866
28.599	33.872
28.613	33.881
28.624	33.889
28.631	33.898
28.642	33.910
28.650	33.918
28.657	33.927
28.664	33.936
28.672	33.944
28.679	33.953
28.686	33.962
28.697	33.971
28.705	33.979
28.708	33.988
28.712	33.988
28.708	33.985
28.701	33.982
28.705	33.985
28.723	34.000
28.734	34.014
28.745	34.023
28.752	34.031
28.759	34.046
28.763	34.052
28.770	34.057
28.781	34.066
28.792	34.072
28.800	34.078
28.814	34.089
28.822	34.101
28.822	34.104
28.829	34.110
28.829	34.112
28.829	34.115
28.840	34.118
28.851	34.124
28.869	34.130
28.880	34.139
28.891	34.150
28.902	34.159
28.909	34.168
28.924	34.173
28.938	34.176
28.953	34.179
28.968	34.185
28.986	34.202
29.001	34.208
29.019	34.217
29.037	34.217
29.048	34.220
29.063	34.223
29.070	34.229
29.081	34.234
29.096	34.237
29.110	34.243
29.121	34.249
29.136	34.255
29.165	34.258
29.183	34.261
29.202	34.266
29.242	34.287
29.253	34.292
29.257	34.292
29.275	34.295
29.278	34.295
29.282	34.295
29.286	34.304
29.297	34.307
29.300	34.310
29.315	34.313
29.326	34.316
29.337	34.319
29.352	34.324
29.370	34.330
29.385	34.339
29.403	34.348
29.414	34.356
29.443	34.362
29.447	34.362
29.450	34.362
29.454	34.362
29.454	34.365
29.458	34.368
29.461	34.368
29.480	34.374
29.491	34.380
29.509	34.385
29.527	34.388
29.538	34.394
29.553	34.397
29.571	34.406
29.586	34.409
29.600	34.414
29.615	34.417
29.637	34.423
29.651	34.429
29.670	34.441
29.684	34.446
29.692	34.449
29.710	34.449
29.728	34.452
29.743	34.452
29.754	34.458
29.761	34.461
29.768	34.464
29.776	34.470
29.779	34.470
29.794	34.478
29.809	34.481
29.823	34.487
29.838	34.490
29.852	34.490
29.867	34.490
29.882	34.487
29.893	34.487
29.907	34.496
29.911	34.502
29.926	34.505
29.933	34.505
29.940	34.505
29.944	34.505
29.947	34.502
29.951	34.502
29.955	34.502
29.962	34.502

