> EU\AF                      by Peter Bird   2002.03
  1.037320e+01  3.868500e+01
  1.060910e+01  3.882090e+01
  1.082740e+01  3.899390e+01
  1.111760e+01  3.906720e+01
  1.136260e+01  3.907480e+01
  1.165890e+01  3.903270e+01
  1.177770e+01  3.893440e+01
  1.205740e+01  3.887810e+01
  1.243350e+01  3.884870e+01
  1.270760e+01  3.860040e+01
  1.331370e+01  3.861050e+01
  1.381150e+01  3.862500e+01
  1.411390e+01  3.869530e+01
  1.451450e+01  3.876530e+01
> AN\SA                      by Peter Bird   1999
 -7.648330e+01 -5.206840e+01
 -7.662570e+01 -5.137750e+01
 -7.675650e+01 -5.072890e+01
 -7.698980e+01 -4.984460e+01
 -7.702400e+01 -4.919230e+01
 -7.692550e+01 -4.850650e+01
 -7.664970e+01 -4.787460e+01
 -7.632100e+01 -4.747770e+01
 -7.599720e+01 -4.707990e+01
 -7.595810e+01 -4.642200e+01
 -7.600620e+01 -4.565850e+01
> AU\PA                      Mueller et al. [1987]
  1.669510e+02 -4.498710e+01
  1.671000e+02 -4.482620e+01
  1.673680e+02 -4.464780e+01
  1.676880e+02 -4.446600e+01
  1.680810e+02 -4.432970e+01
  1.684880e+02 -4.416600e+01
  1.687700e+02 -4.402150e+01
> SS\WL                      Lock et al. [1987]
  1.485870e+02 -7.394510e+00
  1.487330e+02 -7.475250e+00
  1.489440e+02 -7.606930e+00
  1.491480e+02 -7.664680e+00
  1.493340e+02 -7.664920e+00
  1.496090e+02 -7.624190e+00
  1.498660e+02 -7.612190e+00
  1.501730e+02 -7.629000e+00
  1.505550e+02 -7.686980e+00
  1.509170e+02 -7.757240e+00
  1.513070e+02 -7.852190e+00
  1.516800e+02 -7.955320e+00
  1.520620e+02 -8.103640e+00
  1.524110e+02 -8.260140e+00
  1.526850e+02 -8.387790e+00
  1.529590e+02 -8.544190e+00
  1.531080e+02 -8.684010e+00
  1.531700e+02 -8.782650e+00
  1.532370e+02 -8.889510e+00
  1.532550e+02 -9.186150e+00
> CO\NA                      by Peter Bird   1999
 -9.089800e+01  1.258370e+01
 -9.130790e+01  1.283220e+01
 -9.171860e+01  1.308010e+01
 -9.206320e+01  1.327120e+01
 -9.227240e+01  1.322330e+01
 -9.259920e+01  1.349800e+01
 -9.296190e+01  1.372210e+01
 -9.330940e+01  1.379320e+01
 -9.365580e+01  1.401610e+01
 -9.405520e+01  1.422210e+01
 -9.454220e+01  1.447860e+01
 -9.487290e+01  1.469980e+01
 -9.511700e+01  1.488660e+01
 -9.546630e+01  1.509020e+01
 -9.579860e+01  1.527650e+01
 -9.621900e+01  1.536090e+01
 -9.672700e+01  1.536010e+01
 -9.721740e+01  1.535840e+01
 -9.769140e+01  1.550800e+01
 -9.816570e+01  1.563990e+01
 -9.858780e+01  1.577150e+01
 -9.902810e+01  1.591910e+01
 -9.943470e+01  1.613400e+01
 -9.980600e+01  1.629800e+01
 -1.003360e+02  1.644240e+01
 -1.008670e+02  1.663630e+01
 -1.017030e+02  1.702560e+01
 -1.024320e+02  1.727990e+01
 -1.032000e+02  1.761550e+01
 -1.037920e+02  1.792000e+01
 -1.041910e+02  1.813830e+01
 -1.044060e+02  1.820900e+01
 -1.047250e+02  1.836840e+01
 -1.050430e+02  1.862160e+01
 -1.052470e+02  1.876190e+01
> JF\NA                      by Peter Bird   1999
 -1.247420e+02  4.031340e+01
 -1.249530e+02  4.063330e+01
 -1.249330e+02  4.088390e+01
 -1.250890e+02  4.113540e+01
 -1.251820e+02  4.138010e+01
 -1.253090e+02  4.165220e+01
 -1.252810e+02  4.181760e+01
 -1.253130e+02  4.198560e+01
 -1.253310e+02  4.214190e+01
 -1.252900e+02  4.228450e+01
 -1.252090e+02  4.235880e+01
 -1.251980e+02  4.249170e+01
 -1.252680e+02  4.256140e+01
 -1.252890e+02  4.286240e+01
 -1.252890e+02  4.305140e+01
 -1.253430e+02  4.314260e+01
 -1.253940e+02  4.326710e+01
 -1.254740e+02  4.342600e+01
 -1.254800e+02  4.373750e+01
 -1.254500e+02  4.392540e+01
 -1.254290e+02  4.400230e+01
 -1.253620e+02  4.406630e+01
 -1.253720e+02  4.432260e+01
 -1.253720e+02  4.452270e+01
 -1.253760e+02  4.466750e+01
 -1.254340e+02  4.472540e+01
 -1.254370e+02  4.488130e+01
 -1.254350e+02  4.510360e+01
 -1.255170e+02  4.547380e+01
 -1.256550e+02  4.594610e+01
 -1.257730e+02  4.629500e+01
 -1.258760e+02  4.664330e+01
 -1.259980e+02  4.696970e+01
 -1.260850e+02  4.735030e+01
 -1.263700e+02  4.774800e+01
 -1.264860e+02  4.799560e+01
 -1.267330e+02  4.829100e+01
 -1.270180e+02  4.856460e+01
 -1.273780e+02  4.875020e+01
 -1.276080e+02  4.887680e+01
 -1.278180e+02  4.908020e+01
 -1.278520e+02  4.949060e+01
 -1.280290e+02  4.978140e+01
 -1.282830e+02  4.988470e+01
 -1.284140e+02  5.008560e+01
 -1.287190e+02  5.031030e+01
 -1.290100e+02  5.047870e+01
 -1.294600e+02  5.064720e+01
 -1.297380e+02  5.083590e+01
 -1.299820e+02  5.110130e+01
 -1.302120e+02  5.127770e+01
 -1.305480e+02  5.139810e+01
 -1.308500e+02  5.161210e+01
> NZ\SA                      by Peter Bird   1999
 -7.600620e+01 -4.565850e+01
 -7.582140e+01 -4.484940e+01
 -7.578240e+01 -4.405060e+01
 -7.563160e+01 -4.364820e+01
 -7.555800e+01 -4.297220e+01
 -7.540170e+01 -4.228450e+01
 -7.539690e+01 -4.182560e+01
 -7.539220e+01 -4.136660e+01
 -7.518890e+01 -4.086280e+01
 -7.519480e+01 -4.035890e+01
 -7.512780e+01 -3.981310e+01
 -7.514950e+01 -3.956440e+01
 -7.498830e+01 -3.906810e+01
 -7.483590e+01 -3.854200e+01
 -7.465480e+01 -3.813760e+01
 -7.459560e+01 -3.756350e+01
 -7.444160e+01 -3.672490e+01
 -7.426170e+01 -3.616530e+01
 -7.389740e+01 -3.557770e+01
 -7.367550e+01 -3.488760e+01
 -7.324570e+01 -3.429040e+01
 -7.293750e+01 -3.383690e+01
 -7.286100e+01 -3.335850e+01
 -7.288900e+01 -3.274190e+01
 -7.276220e+01 -3.231880e+01
 -7.267830e+01 -3.153130e+01
 -7.261810e+01 -3.096520e+01
 -7.259990e+01 -3.019030e+01
 -7.255460e+01 -2.953570e+01
 -7.243320e+01 -2.890140e+01
 -7.216980e+01 -2.827760e+01
 -7.195780e+01 -2.775470e+01
 -7.184710e+01 -2.724780e+01
 -7.175250e+01 -2.665220e+01
 -7.162830e+01 -2.583970e+01
 -7.152430e+01 -2.509280e+01
 -7.146590e+01 -2.426260e+01
 -7.138950e+01 -2.352270e+01
 -7.134750e+01 -2.275840e+01
 -7.130680e+01 -2.196540e+01
> NZ\AP                      by Peter Bird   1999
 -7.130680e+01 -2.196540e+01
 -7.124950e+01 -2.126220e+01
 -7.132280e+01 -2.075770e+01
 -7.136230e+01 -2.024910e+01
 -7.148650e+01 -1.981120e+01
 -7.174650e+01 -1.929810e+01
 -7.226640e+01 -1.872150e+01
 -7.273660e+01 -1.825670e+01
 -7.339970e+01 -1.774700e+01
 -7.394930e+01 -1.737350e+01
 -7.460950e+01 -1.682300e+01
 -7.529230e+01 -1.633020e+01
 -7.591630e+01 -1.573550e+01
> NZ\SA                      by Peter Bird   1999
 -7.591630e+01 -1.573550e+01
 -7.640290e+01 -1.521850e+01
 -7.676480e+01 -1.484330e+01
 -7.712540e+01 -1.446750e+01
 -7.763880e+01 -1.391360e+01
 -7.814760e+01 -1.338720e+01
 -7.840690e+01 -1.301440e+01
 -7.866540e+01 -1.264140e+01
 -7.914720e+01 -1.189030e+01
 -7.961810e+01 -1.129060e+01
 -7.999660e+01 -1.056030e+01
 -8.036840e+01 -9.920890e+00
 -8.070100e+01 -9.434000e+00
 -8.104060e+01 -8.665400e+00
 -8.137470e+01 -7.988380e+00
 -8.154920e+01 -7.306040e+00
 -8.178400e+01 -6.655440e+00
 -8.195410e+01 -6.002650e+00
 -8.199850e+01 -5.253400e+00
 -8.200980e+01 -4.503530e+00
 -8.192580e+01 -3.721310e+00
 -8.159890e+01 -3.244510e+00
> NZ\ND                      by Peter Bird   1999
 -8.159890e+01 -3.244510e+00
 -8.165190e+01 -3.000210e+00
 -8.153180e+01 -2.437450e+00
 -8.159850e+01 -1.813840e+00
 -8.141460e+01 -1.095470e+00
 -8.122940e+01 -2.844540e-01
 -8.088660e+01  4.318900e-01
 -8.057380e+01  1.053380e+00
 -8.029170e+01  1.549380e+00
 -7.979130e+01  2.073690e+00
 -7.947800e+01  2.426970e+00
 -7.916460e+01  2.780190e+00
 -7.866170e+01  3.392040e+00
 -7.834190e+01  4.065910e+00
 -7.808000e+01  4.831520e+00
 -7.791010e+01  5.505290e+00
 -7.800800e+01  6.004530e+00
> PS\SU                      by Peter Bird   September 2001
  1.248910e+02  1.470420e+01
  1.251500e+02  1.413210e+01
  1.254940e+02  1.330560e+01
  1.256860e+02  1.281810e+01
  1.261370e+02  1.226530e+01
  1.262400e+02  1.163040e+01
  1.262140e+02  1.105990e+01
  1.265730e+02  1.029640e+01
  1.268240e+02  9.449250e+00
  1.270530e+02  8.750310e+00
  1.272190e+02  8.136490e+00
  1.272340e+02  7.291650e+00
  1.272500e+02  6.446830e+00
  1.274590e+02  5.896530e+00
  1.274980e+02  5.474040e+00
  1.278360e+02  5.224010e+00
  1.281510e+02  4.763180e+00
  1.283870e+02  4.334660e+00
  1.286840e+02  3.700460e+00
  1.289980e+02  3.114030e+00
  1.292170e+02  2.670630e+00
  1.292460e+02  1.928060e+00
  1.291970e+02  1.059320e+00
> MS\SU                      by Peter Bird   September 2001
  1.264260e+02  1.706460e+00
  1.261440e+02  1.001350e+00
  1.259690e+02  1.899990e-01
> MS\BH                      by Peter Bird   September 2001
  1.259690e+02 -2.775820e-01
  1.259690e+02  1.899990e-01
  1.261440e+02  1.001350e+00
  1.264260e+02  1.706460e+00
> BH\BS                      Rangin et al. [1999]
  1.283830e+02 -2.286370e+00
  1.292580e+02 -2.416280e+00
  1.301070e+02 -2.519220e+00
  1.305850e+02 -2.693900e+00
  1.310630e+02 -2.868390e+00
  1.314890e+02 -3.148940e+00
  1.319150e+02 -3.429310e+00
  1.323160e+02 -3.934770e+00
  1.327170e+02 -4.440040e+00
> IN\BU                      by Peter Bird   October 2001
  9.227810e+01  6.947570e+00
  9.190320e+01  7.662740e+00
  9.178090e+01  8.159830e+00
  9.165110e+01  8.656200e+00
  9.159590e+01  9.130170e+00
  9.153340e+01  9.603700e+00
  9.155860e+01  1.005600e+01
  9.157640e+01  1.051420e+01
  9.159070e+01  1.130030e+01
  9.164260e+01  1.179150e+01
  9.170000e+01  1.228320e+01
  9.188890e+01  1.315370e+01
  9.206820e+01  1.371490e+01
> CL\WL                      by Peter Bird   June 2002
  1.387930e+02 -1.159410e+00
  1.392570e+02 -1.389970e+00
  1.398050e+02 -1.557420e+00
  1.402260e+02 -1.767380e+00
  1.408370e+02 -1.893280e+00
  1.411950e+02 -2.166730e+00
  1.415940e+02 -2.272050e+00
  1.418680e+02 -2.398430e+00
  1.422460e+02 -2.693100e+00
> NB\WL                      by Peter Bird   June 2002
  1.422460e+02 -2.693100e+00
  1.424490e+02 -2.813580e+00
  1.426330e+02 -2.932330e+00
  1.429360e+02 -3.018140e+00
  1.431720e+02 -3.053100e+00
  1.435080e+02 -3.155940e+00
  1.437430e+02 -3.460450e+00
> CO\PM                      Kellogg and Vega [1995]
 -8.287480e+01  7.366390e+00
 -8.307420e+01  7.591690e+00
 -8.323310e+01  7.848540e+00
 -8.335990e+01  7.927590e+00
 -8.360540e+01  8.044450e+00
 -8.383770e+01  8.181890e+00
 -8.400720e+01  8.300280e+00
 -8.415770e+01  8.473770e+00
 -8.441870e+01  8.636740e+00
 -8.468580e+01  8.771690e+00
 -8.504380e+01  8.937230e+00
 -8.538050e+01  9.089080e+00
 -8.561240e+01  9.203270e+00
 -8.591050e+01  9.423370e+00
 -8.620360e+01  9.683640e+00
 -8.644870e+01  9.938300e+00
 -8.664800e+01  1.023500e+01
> CA\ND                      Taboada et al. [1997]
 -7.668400e+01  8.731300e+00
 -7.670130e+01  9.016540e+00
 -7.670560e+01  9.378520e+00
 -7.670330e+01  9.761450e+00
 -7.659440e+01  1.009000e+01
 -7.645590e+01  1.032850e+01
 -7.627480e+01  1.057440e+01
 -7.606450e+01  1.076500e+01
 -7.590500e+01  1.108730e+01
 -7.563130e+01  1.139000e+01
 -7.537030e+01  1.159480e+01
 -7.512280e+01  1.176450e+01
 -7.479640e+01  1.191380e+01
 -7.447640e+01  1.202080e+01
 -7.430660e+01  1.222430e+01
 -7.405770e+01  1.238630e+01
 -7.387380e+01  1.274310e+01
 -7.363200e+01  1.305830e+01
 -7.330320e+01  1.328980e+01
 -7.291610e+01  1.336750e+01
 -7.242820e+01  1.340970e+01
 -7.183970e+01  1.346470e+01
 -7.119490e+01  1.350290e+01
 -7.095250e+01  1.343760e+01
 -7.065940e+01  1.331010e+01
> CA\ND                      Perez et al. [1997]
 -7.065940e+01  1.331010e+01
 -7.049570e+01  1.316230e+01
 -7.018270e+01  1.292960e+01
 -6.986340e+01  1.266850e+01
 -6.959440e+01  1.244960e+01
 -6.934780e+01  1.217510e+01
 -6.902410e+01  1.184370e+01
 -6.872970e+01  1.151260e+01
 -6.837920e+01  1.117360e+01
 -6.808650e+01  1.081450e+01
 -6.796130e+01  1.049950e+01
> ND/NZ                      Westbrook et al. [1995]
 -7.800800e+01  6.004530e+00
 -7.805040e+01  6.052730e+00
 -7.808610e+01  6.121840e+00
 -7.812930e+01  6.239490e+00
 -7.815140e+01  6.343450e+00
 -7.819460e+01  6.461070e+00
 -7.826500e+01  6.501950e+00
 -7.833560e+01  6.563640e+00
 -7.839970e+01  6.660110e+00
 -7.844280e+01  6.756800e+00
 -7.854190e+01  6.852770e+00
 -7.859900e+01  6.942290e+00
 -7.869760e+01  6.996530e+00
 -7.874700e+01  7.030580e+00
 -7.876190e+01  7.099770e+00
 -7.871480e+01  7.232270e+00
 -7.864630e+01  7.337310e+00
> AT/AF                      Peter Bird   June 2002
  3.641340e+01  3.602320e+01
  3.579120e+01  3.568900e+01
  3.536210e+01  3.540510e+01
  3.490010e+01  3.509100e+01
  3.449980e+01  3.478550e+01
  3.405420e+01  3.450450e+01
  3.373540e+01  3.430170e+01
  3.310070e+01  3.429030e+01
  3.266780e+01  3.438990e+01
  3.217190e+01  3.448710e+01
  3.173990e+01  3.463410e+01
  3.125600e+01  3.482600e+01
  3.079290e+01  3.499080e+01
  3.022080e+01  3.515430e+01
  2.973090e+01  3.542730e+01
> AS/AF                      Peter Bird   June 2002
  2.973090e+01  3.542730e+01
  2.934510e+01  3.542490e+01
  2.907020e+01  3.537800e+01
  2.877890e+01  3.531160e+01
  2.847800e+01  3.512720e+01
  2.805020e+01  3.487020e+01
  2.768450e+01  3.470600e+01
  2.722650e+01  3.433470e+01
  2.646530e+01  3.419830e+01
  2.557670e+01  3.424870e+01
  2.459280e+01  3.433970e+01
  2.387390e+01  3.462830e+01
  2.339860e+01  3.499000e+01
  2.286620e+01  3.543670e+01
  2.237520e+01  3.574240e+01
  2.189320e+01  3.593340e+01
  2.159880e+01  3.621590e+01
  2.132660e+01  3.662890e+01
  2.076030e+01  3.709830e+01
  2.030010e+01  3.780390e+01
> SW/SA                      Peter Bird   June 2002
 -2.948850e+01 -5.503340e+01
 -2.864660e+01 -5.500490e+01
 -2.760440e+01 -5.509480e+01
 -2.699490e+01 -5.523190e+01
 -2.641400e+01 -5.542440e+01
 -2.572050e+01 -5.583960e+01
 -2.514920e+01 -5.629200e+01
 -2.469630e+01 -5.673360e+01
 -2.423270e+01 -5.717360e+01
 -2.413020e+01 -5.742530e+01
 -2.381940e+01 -5.819500e+01
 -2.399070e+01 -5.892090e+01
 -2.445590e+01 -5.938580e+01
 -2.506880e+01 -5.997330e+01
 -2.607090e+01 -6.039100e+01
> ON/PS                      by Peter Bird   September 2001
  1.284620e+02  2.545760e+01
  1.279070e+02  2.496900e+01
  1.273980e+02  2.450290e+01
  1.269010e+02  2.410110e+01
  1.264260e+02  2.376060e+01
  1.259540e+02  2.349770e+01
  1.255500e+02  2.337990e+01
> PA/AU                      Massell et al.   2000   Figure 3   Puysegur thrust
  1.632350e+02 -5.007870e+01
  1.632960e+02 -4.998530e+01
  1.634120e+02 -4.984660e+01
  1.634480e+02 -4.976120e+01
  1.635450e+02 -4.957320e+01
  1.637400e+02 -4.932220e+01
  1.638680e+02 -4.911570e+01
  1.639640e+02 -4.891710e+01
  1.641300e+02 -4.874170e+01
  1.642150e+02 -4.859160e+01
  1.642870e+02 -4.842860e+01
  1.643090e+02 -4.827380e+01
  1.643890e+02 -4.820200e+01
  1.643980e+02 -4.805930e+01
  1.644830e+02 -4.791970e+01
  1.644800e+02 -4.775950e+01
  1.645280e+02 -4.765760e+01
  1.646510e+02 -4.752080e+01
  1.646990e+02 -4.744390e+01
  1.647390e+02 -4.725620e+01
  1.648380e+02 -4.714850e+01
  1.649230e+02 -4.701080e+01
  1.649430e+02 -4.678300e+01
  1.650210e+02 -4.660130e+01
  1.651680e+02 -4.640520e+01
  1.654270e+02 -4.618980e+01
  1.657330e+02 -4.606480e+01
  1.659200e+02 -4.595810e+01
  1.660190e+02 -4.588720e+01
  1.662050e+02 -4.573640e+01
  1.663770e+02 -4.551500e+01
  1.665370e+02 -4.535020e+01
  1.667100e+02 -4.521130e+01
  1.669510e+02 -4.498710e+01
> MS/SU                      by Peter Bird   October 2001
  1.252630e+02 -4.455780e-01
  1.256160e+02 -1.277900e-01
  1.259690e+02  1.899990e-01
> BH/PS                      Puntodewo et al. [1994]
  1.291970e+02  1.059320e+00
  1.299890e+02  6.841560e-01
  1.305460e+02  4.748790e-01
  1.311020e+02  2.655610e-01
  1.317380e+02  1.497420e-01
  1.323730e+02  3.390150e-02
  1.325150e+02  1.705830e-02
> BH/CL                      Puntodewo et al. [1994]
  1.325150e+02  1.705830e-02
  1.328240e+02 -4.289710e-02
  1.333270e+02 -1.456850e-01
  1.338990e+02  5.668020e-02
  1.344710e+02  2.590380e-01
  1.349380e+02  4.212350e-01
  1.356560e+02 -2.304180e-02
  1.364510e+02 -2.281390e-01
  1.369430e+02 -4.222800e-01
  1.374350e+02 -6.163870e-01
  1.380540e+02 -7.181570e-01
  1.386740e+02 -8.198450e-01
  1.387930e+02 -1.159410e+00
> BS/SU                      Rangin et al. [1999]
  1.188230e+02 -3.609560e+00
  1.185780e+02 -3.255220e+00
  1.187230e+02 -2.408210e+00
  1.188840e+02 -1.949800e+00
  1.190450e+02 -1.491380e+00
  1.192960e+02 -6.803310e-01
  1.194750e+02 -8.103010e-02
> MS/SU                      Rangin et al. [1999]
  1.194750e+02 -8.103010e-02
  1.192490e+02  7.137240e-01
  1.193060e+02  1.577120e+00
  1.196960e+02  2.033380e+00
  1.201890e+02  2.207520e+00
  1.208240e+02  2.310940e+00
  1.216690e+02  2.308530e+00
  1.224800e+02  2.377110e+00
  1.232190e+02  2.023860e+00
  1.234300e+02  2.005990e+00
> BH/SU                      by Peter Bird   October 2001
  1.264260e+02  1.706460e+00
  1.268720e+02  2.345650e+00
> PS/SU                      by Peter Bird   September 2001
  1.192550e+02  1.655570e+01
  1.192480e+02  1.684020e+01
  1.191610e+02  1.762900e+01
  1.192790e+02  1.820140e+01
  1.197950e+02  1.887810e+01
  1.201150e+02  1.948680e+01
  1.204410e+02  1.993700e+01
  1.205020e+02  2.025500e+01
  1.202900e+02  2.063070e+01
  1.203440e+02  2.120210e+01
  1.204520e+02  2.163210e+01
> NA/RI                      DeMets and Wilson   1997
 -1.052470e+02  1.876190e+01
 -1.055460e+02  1.898070e+01
 -1.057390e+02  1.916440e+01
 -1.059490e+02  1.940190e+01
 -1.061210e+02  1.964370e+01
 -1.062710e+02  1.991580e+01
 -1.063520e+02  2.020270e+01
 -1.063850e+02  2.042810e+01
 -1.063870e+02  2.063790e+01
 -1.063810e+02  2.083970e+01
 -1.064420e+02  2.112080e+01
 -1.065250e+02  2.118380e+01
 -1.065510e+02  2.123550e+01
 -1.066240e+02  2.131060e+01
 -1.067570e+02  2.148300e+01
 -1.068080e+02  2.164030e+01
 -1.068620e+02  2.171560e+01
 -1.068900e+02  2.179920e+01
> SU/AU                      by Peter Bird   October 2001
  1.045760e+02 -8.166570e+00
  1.037630e+02 -7.862770e+00
  1.031830e+02 -7.621450e+00
  1.024520e+02 -7.197190e+00
  1.018580e+02 -6.558360e+00
  1.013460e+02 -5.982980e+00
  1.007910e+02 -5.304920e+00
  1.003590e+02 -4.655880e+00
  9.998000e+01 -4.145440e+00
  9.967480e+01 -3.728520e+00
  9.936990e+01 -3.311500e+00
  9.887440e+01 -2.665000e+00
  9.830130e+01 -2.021290e+00
  9.803540e+01 -1.634240e+00
  9.776950e+01 -1.247140e+00
  9.737220e+01 -5.471770e-01
  9.701060e+01  1.159250e-01
  9.667030e+01  7.587140e-01
  9.637950e+01  1.123020e+00
  9.620190e+01  1.345000e+00
> BU/AU                      Circum Pacific Mapping Project   1986
  9.620190e+01  1.345000e+00
  9.608860e+01  1.487290e+00
  9.554190e+01  1.881780e+00
  9.497940e+01  2.104100e+00
> BU/IN                      Circum Pacific Mapping Project   1986
  9.497940e+01  2.104100e+00
  9.440520e+01  2.456830e+00
  9.375350e+01  3.047670e+00
  9.322700e+01  3.715990e+00
  9.290300e+01  4.384480e+00
  9.266510e+01  5.005080e+00
  9.253750e+01  5.701950e+00
  9.237610e+01  6.332530e+00
  9.227810e+01  6.947570e+00
> OK/NA                      by Peter Bird   September 2001
  1.707430e+02  6.173580e+01
  1.698650e+02  6.101720e+01
  1.690270e+02  6.029320e+01
  1.676230e+02  5.984200e+01
  1.662580e+02  5.937620e+01
  1.649300e+02  5.889660e+01
  1.645180e+02  5.848690e+01
  1.641150e+02  5.807600e+01
  1.637210e+02  5.766380e+01
  1.633360e+02  5.725050e+01
  1.629600e+02  5.683600e+01
  1.625920e+02  5.642030e+01
  1.633400e+02  5.581700e+01
  1.640660e+02  5.520920e+01
> EU/AF                      Peter Bird   September 2001
  2.030010e+01  3.780390e+01
  2.000000e+01  3.790750e+01
> SL/AN                      Klepeis and Lawver   1996
 -6.396930e+01 -6.242240e+01
 -6.310530e+01 -6.211000e+01
 -6.220290e+01 -6.184120e+01
 -6.133230e+01 -6.154310e+01
 -6.065020e+01 -6.136320e+01
 -5.983600e+01 -6.117680e+01
 -5.889060e+01 -6.108180e+01
 -5.813080e+01 -6.096150e+01
 -5.749380e+01 -6.085460e+01
 -5.692500e+01 -6.056470e+01
> SC/AN                      Klepeis and Lawver   1996
 -6.461700e+01 -5.795860e+01
 -6.586720e+01 -5.773630e+01
 -6.710180e+01 -5.750190e+01
 -6.809720e+01 -5.707170e+01
 -6.925610e+01 -5.685220e+01
 -7.040110e+01 -5.662200e+01
 -7.154810e+01 -5.625520e+01
 -7.227720e+01 -5.596240e+01
 -7.299520e+01 -5.566540e+01
 -7.347990e+01 -5.535900e+01
 -7.412020e+01 -5.500370e+01
 -7.474920e+01 -5.464510e+01
 -7.523890e+01 -5.429410e+01
 -7.572030e+01 -5.394120e+01
 -7.601970e+01 -5.343520e+01
 -7.631210e+01 -5.292850e+01
 -7.648330e+01 -5.206840e+01
> PS/PA                      by Peter Bird   1999
  1.418830e+02  3.421270e+01
  1.418580e+02  3.370390e+01
  1.420120e+02  3.325250e+01
  1.419940e+02  3.255760e+01
  1.420990e+02  3.198250e+01
  1.421590e+02  3.131520e+01
  1.422240e+02  3.071100e+01
  1.424730e+02  3.012820e+01
  1.425070e+02  2.962080e+01
  1.427480e+02  2.897540e+01
  1.430020e+02  2.851870e+01
  1.431720e+02  2.794070e+01
  1.432430e+02  2.746330e+01
  1.432600e+02  2.673700e+01
  1.432310e+02  2.632890e+01
  1.430750e+02  2.561240e+01
  1.430980e+02  2.491760e+01
  1.430960e+02  2.490920e+01
  1.435220e+02  2.439080e+01
> MA/PA                      by Peter Bird   October 2001
  1.435220e+02  2.439080e+01
  1.440220e+02  2.376440e+01
  1.447060e+02  2.325010e+01
  1.452920e+02  2.271230e+01
  1.460620e+02  2.220150e+01
  1.465450e+02  2.172980e+01
  1.468220e+02  2.133060e+01
  1.470190e+02  2.080510e+01
  1.472070e+02  2.030340e+01
  1.474600e+02  1.974520e+01
  1.476190e+02  1.917240e+01
  1.478200e+02  1.864650e+01
  1.478110e+02  1.806020e+01
  1.478560e+02  1.728310e+01
  1.477870e+02  1.652340e+01
  1.476840e+02  1.565300e+01
  1.474620e+02  1.496610e+01
  1.472010e+02  1.421580e+01
  1.467520e+02  1.336320e+01
  1.462210e+02  1.300150e+01
  1.456910e+02  1.264660e+01
  1.453490e+02  1.231410e+01
  1.450240e+02  1.221120e+01
  1.446190e+02  1.202060e+01
  1.441570e+02  1.178960e+01
  1.435030e+02  1.149360e+01
  1.430970e+02  1.156890e+01
> PS/PA                      by Peter Bird   1999
  1.430970e+02  1.156890e+01
  1.429610e+02  1.140310e+01
  1.421220e+02  1.128520e+01
  1.416080e+02  1.105810e+01
  1.407720e+02  1.085780e+01
  1.401000e+02  1.094590e+01
  1.394830e+02  1.090060e+01
  1.388130e+02  1.112140e+01
  1.387100e+02  1.064920e+01
  1.385740e+02  9.952560e+00
  1.383590e+02  9.378650e+00
> AM/PS                      by Peter Bird   September 2001
  1.386740e+02  3.503370e+01
  1.385080e+02  3.458220e+01
  1.383830e+02  3.405900e+01
  1.380660e+02  3.374950e+01
  1.375460e+02  3.340460e+01
  1.370300e+02  3.305260e+01
  1.365240e+02  3.286810e+01
  1.360250e+02  3.268600e+01
  1.356120e+02  3.253720e+01
  1.353560e+02  3.246000e+01
  1.350260e+02  3.232640e+01
  1.346910e+02  3.219970e+01
  1.340420e+02  3.188210e+01
  1.335000e+02  3.151520e+01
  1.331970e+02  3.121620e+01
  1.329650e+02  3.096980e+01
  1.328240e+02  3.075440e+01
> ON/PS                      by Peter Bird   May 2002
  1.328240e+02  3.075440e+01
  1.326300e+02  3.049260e+01
  1.324020e+02  3.021490e+01
  1.320730e+02  2.981770e+01
  1.317600e+02  2.939210e+01
  1.316280e+02  2.898740e+01
  1.315240e+02  2.885910e+01
  1.314670e+02  2.875080e+01
  1.313090e+02  2.845080e+01
  1.310970e+02  2.831820e+01
  1.306490e+02  2.813580e+01
  1.305230e+02  2.770940e+01
  1.302110e+02  2.721350e+01
  1.297850e+02  2.667090e+01
  1.293600e+02  2.619080e+01
  1.289780e+02  2.585910e+01
  1.284620e+02  2.545760e+01
> NA/PA                      by Peter Bird   September 2001
 -1.457560e+02  5.927350e+01
 -1.462640e+02  5.881380e+01
 -1.467590e+02  5.835210e+01
 -1.474490e+02  5.783190e+01
 -1.482570e+02  5.734690e+01
 -1.492200e+02  5.692510e+01
 -1.500810e+02  5.662290e+01
 -1.505470e+02  5.649940e+01
 -1.512180e+02  5.630920e+01
 -1.522270e+02  5.605830e+01
 -1.531640e+02  5.561040e+01
 -1.541600e+02  5.523900e+01
 -1.552390e+02  5.478450e+01
 -1.561380e+02  5.452720e+01
 -1.570670e+02  5.431750e+01
 -1.579860e+02  5.410080e+01
 -1.593440e+02  5.385550e+01
 -1.601290e+02  5.374080e+01
 -1.609100e+02  5.362090e+01
 -1.616640e+02  5.349640e+01
 -1.624130e+02  5.336720e+01
 -1.631770e+02  5.318000e+01
 -1.639340e+02  5.298790e+01
 -1.646650e+02  5.281830e+01
 -1.653900e+02  5.264430e+01
 -1.661080e+02  5.245270e+01
 -1.668190e+02  5.225680e+01
 -1.679900e+02  5.200070e+01
 -1.689720e+02  5.174000e+01
 -1.693780e+02  5.163220e+01
 -1.701590e+02  5.143950e+01
 -1.708970e+02  5.130610e+01
 -1.716340e+02  5.117060e+01
 -1.724840e+02  5.106930e+01
 -1.733280e+02  5.096360e+01
 -1.741190e+02  5.089630e+01
 -1.749070e+02  5.082580e+01
 -1.756290e+02  5.074470e+01
 -1.762230e+02  5.058830e+01
 -1.770880e+02  5.049600e+01
 -1.777580e+02  5.048420e+01
 -1.784800e+02  5.049030e+01
 -1.792020e+02  5.049650e+01
  1.796880e+02  5.050550e+01
  1.784980e+02  5.061890e+01
  1.776800e+02  5.069760e+01
  1.767200e+02  5.089590e+01
  1.755710e+02  5.110820e+01
  1.742190e+02  5.140300e+01
  1.729640e+02  5.168390e+01
  1.718470e+02  5.202590e+01
  1.707000e+02  5.249790e+01
  1.697520e+02  5.285550e+01
  1.688360e+02  5.320790e+01
  1.681880e+02  5.356940e+01
  1.674130e+02  5.390600e+01
  1.664070e+02  5.423670e+01
  1.657710e+02  5.458840e+01
  1.648470e+02  5.495700e+01
  1.640660e+02  5.520920e+01
> OK/PA    by Peter Bird 1999 and Mueller et al. [1987]
  1.640660e+02  5.520920e+01
  1.636700e+02  5.477860e+01
  1.632820e+02  5.434680e+01
  1.627900e+02  5.362490e+01
  1.624580e+02  5.300320e+01
  1.615840e+02  5.265400e+01
  1.609450e+02  5.215880e+01
  1.605990e+02  5.148770e+01
  1.598770e+02  5.085510e+01
  1.591740e+02  5.015450e+01
  1.586440e+02  4.985460e+01
  1.581210e+02  4.955240e+01
  1.575680e+02  4.910720e+01
  1.570240e+02  4.865940e+01
  1.563530e+02  4.818280e+01
  1.557420e+02  4.772460e+01
  1.551410e+02  4.726320e+01
  1.546640e+02  4.685260e+01
  1.541950e+02  4.644000e+01
  1.535280e+02  4.589730e+01
  1.528800e+02  4.552930e+01
  1.522400e+02  4.515760e+01
  1.514190e+02  4.470400e+01
  1.508770e+02  4.444700e+01
  1.503390e+02  4.418740e+01
  1.493110e+02  4.372050e+01
  1.483400e+02  4.320790e+01
  1.473450e+02  4.268510e+01
  1.466900e+02  4.236230e+01
  1.461980e+02  4.207620e+01
  1.457100e+02  4.178800e+01
  1.450770e+02  4.131920e+01
  1.444540e+02  4.084700e+01
  1.444790e+02  4.054940e+01
  1.443990e+02  4.036680e+01
  1.443280e+02  4.020290e+01
  1.442830e+02  4.006720e+01
  1.442540e+02  3.992810e+01
  1.442250e+02  3.976670e+01
  1.442360e+02  3.955720e+01
  1.442030e+02  3.937370e+01
  1.441890e+02  3.912330e+01
  1.441190e+02  3.890860e+01
  1.440610e+02  3.870950e+01
  1.440170e+02  3.853560e+01
  1.439730e+02  3.835850e+01
  1.439280e+02  3.816550e+01
  1.438880e+02  3.792810e+01
  1.438430e+02  3.770970e+01
  1.437430e+02  3.747920e+01
  1.436370e+02  3.728990e+01
  1.435180e+02  3.705940e+01
  1.434080e+02  3.686040e+01
  1.432750e+02  3.664880e+01
  1.431510e+02  3.651950e+01
  1.430200e+02  3.633930e+01
  1.428870e+02  3.626360e+01
  1.427610e+02  3.618780e+01
  1.426810e+02  3.606420e+01
  1.426060e+02  3.600090e+01
  1.425550e+02  3.594380e+01
  1.424600e+02  3.567300e+01
  1.423250e+02  3.550270e+01
  1.422210e+02  3.533330e+01
  1.421700e+02  3.521680e+01
  1.420670e+02  3.516360e+01
  1.420290e+02  3.488860e+01
  1.419920e+02  3.466630e+01
  1.418830e+02  3.421270e+01
> CA/SA                      by Peter Bird   1999
 -6.155340e+01  1.895890e+01
 -6.091200e+01  1.888850e+01
 -6.072900e+01  1.859460e+01
 -6.053380e+01  1.851310e+01
 -6.027840e+01  1.819100e+01
 -6.005130e+01  1.782250e+01
 -5.981900e+01  1.754840e+01
 -5.946480e+01  1.724310e+01
 -5.908830e+01  1.691210e+01
 -5.882400e+01  1.639700e+01
 -5.880110e+01  1.599110e+01
 -5.869190e+01  1.577030e+01
 -5.866610e+01  1.541160e+01
 -5.852630e+01  1.528390e+01
 -5.828840e+01  1.515000e+01
 -5.791320e+01  1.486420e+01
 -5.779060e+01  1.449890e+01
 -5.771070e+01  1.387400e+01
 -5.756800e+01  1.310160e+01
 -5.746810e+01  1.242730e+01
 -5.742380e+01  1.166120e+01
 -5.753260e+01  1.114380e+01
 -5.776170e+01  1.063450e+01
 -5.815710e+01  1.015970e+01
> CA/CO                      by Peter Bird   1999
 -8.664800e+01  1.023500e+01
 -8.697490e+01  1.054730e+01
 -8.746210e+01  1.109590e+01
 -8.789010e+01  1.139670e+01
 -8.831900e+01  1.169680e+01
 -8.891970e+01  1.199920e+01
 -8.961900e+01  1.229480e+01
 -9.029270e+01  1.254260e+01
 -9.089800e+01  1.258370e+01
> NH/AU                      Mueller et al. [1987]
  1.724390e+02 -2.317810e+01
  1.723610e+02 -2.317750e+01
  1.722780e+02 -2.317070e+01
  1.721970e+02 -2.317630e+01
  1.720600e+02 -2.317300e+01
  1.719500e+02 -2.315530e+01
  1.718540e+02 -2.314910e+01
  1.717030e+02 -2.314640e+01
  1.716200e+02 -2.312680e+01
  1.714960e+02 -2.310960e+01
  1.713850e+02 -2.309150e+01
  1.712880e+02 -2.307240e+01
  1.711620e+02 -2.302990e+01
  1.710370e+02 -2.299980e+01
  1.709390e+02 -2.296800e+01
  1.708420e+02 -2.294860e+01
  1.707450e+02 -2.291660e+01
  1.706600e+02 -2.288380e+01
  1.705470e+02 -2.282740e+01
  1.704200e+02 -2.275910e+01
  1.703210e+02 -2.270170e+01
  1.702210e+02 -2.264420e+01
  1.701090e+02 -2.258730e+01
  1.700360e+02 -2.251570e+01
  1.699500e+02 -2.244470e+01
  1.698350e+02 -2.234990e+01
  1.697190e+02 -2.222980e+01
  1.695770e+02 -2.212360e+01
  1.694910e+02 -2.205220e+01
  1.694190e+02 -2.198010e+01
  1.693200e+02 -2.190920e+01
  1.692880e+02 -2.182250e+01
  1.692150e+02 -2.172500e+01
  1.691430e+02 -2.164010e+01
  1.690540e+02 -2.150550e+01
  1.689960e+02 -2.141980e+01
  1.688790e+02 -2.126100e+01
  1.687760e+02 -2.110150e+01
  1.687050e+02 -2.101620e+01
  1.686450e+02 -2.089260e+01
  1.685850e+02 -2.078150e+01
  1.685120e+02 -2.064570e+01
  1.683960e+02 -2.047370e+01
  1.683350e+02 -2.032460e+01
  1.682630e+02 -2.020120e+01
  1.681910e+02 -2.009030e+01
  1.681600e+02 -2.000310e+01
  1.680750e+02 -1.989260e+01
  1.680030e+02 -1.976900e+01
  1.679430e+02 -1.963220e+01
  1.678860e+02 -1.953320e+01
  1.678120e+02 -1.937160e+01
  1.677270e+02 -1.923560e+01
  1.676800e+02 -1.904770e+01
  1.676070e+02 -1.888590e+01
  1.675210e+02 -1.871180e+01
  1.675040e+02 -1.861130e+01
  1.674860e+02 -1.848550e+01
  1.674550e+02 -1.836010e+01
  1.674240e+02 -1.824730e+01
  1.673940e+02 -1.814720e+01
  1.673500e+02 -1.802210e+01
  1.673200e+02 -1.792190e+01
  1.672750e+02 -1.775900e+01
  1.672450e+02 -1.763350e+01
  1.672150e+02 -1.752060e+01
  1.671710e+02 -1.739550e+01
  1.671550e+02 -1.730740e+01
  1.670590e+02 -1.720900e+01
  1.669500e+02 -1.709820e+01
  1.668680e+02 -1.698660e+01
  1.668100e+02 -1.683630e+01
  1.667280e+02 -1.673720e+01
  1.666590e+02 -1.662510e+01
  1.666040e+02 -1.653800e+01
  1.665620e+02 -1.643780e+01
  1.665060e+02 -1.630000e+01
  1.664500e+02 -1.618740e+01
  1.663950e+02 -1.608750e+01
  1.663400e+02 -1.597490e+01
  1.662850e+02 -1.588750e+01
  1.662700e+02 -1.579930e+01
  1.662270e+02 -1.567370e+01
  1.662250e+02 -1.555990e+01
  1.662090e+02 -1.543370e+01
  1.661930e+02 -1.534540e+01
  1.662170e+02 -1.524370e+01
  1.662280e+02 -1.512960e+01
  1.662130e+02 -1.504130e+01
  1.662620e+02 -1.488850e+01
  1.662710e+02 -1.468590e+01
  1.662680e+02 -1.455940e+01
  1.662520e+02 -1.442050e+01
  1.662500e+02 -1.434470e+01
  1.662340e+02 -1.418050e+01
  1.662040e+02 -1.399130e+01
  1.661610e+02 -1.382760e+01
  1.661540e+02 -1.377940e+01
> PA/AU                      Mueller et al. [1987]
  1.661540e+02 -1.377940e+01
  1.661320e+02 -1.367630e+01
  1.660900e+02 -1.351260e+01
  1.660200e+02 -1.326080e+01
  1.659520e+02 -1.307210e+01
  1.659090e+02 -1.287030e+01
  1.658940e+02 -1.274400e+01
  1.658380e+02 -1.251710e+01
  1.657700e+02 -1.231570e+01
  1.657150e+02 -1.212660e+01
  1.656210e+02 -1.188750e+01
  1.655140e+02 -1.168640e+01
  1.653960e+02 -1.154870e+01
  1.652520e+02 -1.141130e+01
  1.650700e+02 -1.128690e+01
  1.649010e+02 -1.120020e+01
  1.647580e+02 -1.116370e+01
  1.646410e+02 -1.111430e+01
  1.645120e+02 -1.109030e+01
  1.644090e+02 -1.109130e+01
  1.642670e+02 -1.111790e+01
  1.641510e+02 -1.114430e+01
  1.639960e+02 -1.115830e+01
  1.638540e+02 -1.118480e+01
  1.636990e+02 -1.119870e+01
  1.635050e+02 -1.123810e+01
  1.633110e+02 -1.126470e+01
  1.631950e+02 -1.129080e+01
  1.630530e+02 -1.131060e+01
  1.628330e+02 -1.135600e+01
  1.626260e+02 -1.138230e+01
  1.624840e+02 -1.142080e+01
  1.623540e+02 -1.142120e+01
  1.622250e+02 -1.142160e+01
  1.621090e+02 -1.143450e+01
  1.620180e+02 -1.142200e+01
  1.619010e+02 -1.139680e+01
  1.617980e+02 -1.135890e+01
  1.617200e+02 -1.132090e+01
  1.615520e+02 -1.128290e+01
  1.614610e+02 -1.124480e+01
  1.613840e+02 -1.123210e+01
  1.613060e+02 -1.119400e+01
  1.612020e+02 -1.116850e+01
  1.611250e+02 -1.113040e+01
  1.610600e+02 -1.105410e+01
  1.609960e+02 -1.102870e+01
  1.609310e+02 -1.096510e+01
  1.608670e+02 -1.091420e+01
  1.607760e+02 -1.083790e+01
  1.607250e+02 -1.078700e+01
  1.606220e+02 -1.072330e+01
  1.605440e+02 -1.067230e+01
  1.604930e+02 -1.063410e+01
  1.603640e+02 -1.057020e+01
  1.602870e+02 -1.051920e+01
  1.602100e+02 -1.046810e+01
  1.601320e+02 -1.041700e+01
  1.600680e+02 -1.037870e+01
  1.599780e+02 -1.031490e+01
  1.599140e+02 -1.027650e+01
  1.598370e+02 -1.025070e+01
  1.597720e+02 -1.019970e+01
  1.597080e+02 -1.017390e+01
  1.596440e+02 -1.012290e+01
  1.595800e+02 -1.008440e+01
  1.595030e+02 -1.002060e+01
  1.594390e+02 -9.969450e+00
  1.593620e+02 -9.930920e+00
  1.592850e+02 -9.879690e+00
  1.592210e+02 -9.828540e+00
  1.591700e+02 -9.764800e+00
  1.591190e+02 -9.726410e+00
  1.590680e+02 -9.688010e+00
  1.590030e+02 -9.649520e+00
  1.589260e+02 -9.623600e+00
  1.588500e+02 -9.584990e+00
  1.587730e+02 -9.559040e+00
  1.587090e+02 -9.545860e+00
  1.585800e+02 -9.506790e+00
  1.584780e+02 -9.480580e+00
  1.583880e+02 -9.441770e+00
  1.582730e+02 -9.390060e+00
  1.581450e+02 -9.312850e+00
  1.580560e+02 -9.248660e+00
  1.579920e+02 -9.210040e+00
  1.579160e+02 -9.158630e+00
  1.578270e+02 -9.107080e+00
  1.577240e+02 -9.068050e+00
  1.576480e+02 -9.003940e+00
  1.575720e+02 -8.965150e+00
  1.574190e+02 -8.900200e+00
  1.573170e+02 -8.823130e+00
  1.572410e+02 -8.784300e+00
  1.571770e+02 -8.745620e+00
  1.570490e+02 -8.706190e+00
  1.569350e+02 -8.641580e+00
  1.568580e+02 -8.615360e+00
  1.567820e+02 -8.601780e+00
  1.567060e+02 -8.562900e+00
  1.564670e+02 -8.381900e+00
  1.562960e+02 -8.174050e+00
> PA/WL                      Circum Pacific Map Project [1981]
  1.562960e+02 -8.174050e+00
  1.560470e+02 -7.883760e+00
  1.558120e+02 -7.705950e+00
  1.554540e+02 -7.488750e+00
> PA/SS                      Circum Pacific Map Project [1981]
  1.554540e+02 -7.488750e+00
  1.549270e+02 -7.292840e+00
> NB/SS                      Circum Pacific Map Project [1981]
  1.549270e+02 -7.292840e+00
  1.545400e+02 -6.817790e+00
  1.542250e+02 -6.506890e+00
  1.539300e+02 -6.265000e+00
> SB/SS                      Circum Pacific Map Project [1981]
  1.539300e+02 -6.265000e+00
  1.535190e+02 -5.946430e+00
  1.531070e+02 -5.740720e+00
  1.526530e+02 -5.640240e+00
  1.522570e+02 -5.754900e+00
  1.518760e+02 -5.925530e+00
  1.515190e+02 -6.210310e+00
  1.511480e+02 -6.442520e+00
  1.506630e+02 -6.693590e+00
  1.501460e+02 -6.881490e+00
  1.498600e+02 -6.939360e+00
  1.493140e+02 -7.032170e+00
  1.485870e+02 -7.394510e+00
> TO/PA                      Mueller et al. [1987]
 -1.734070e+02 -1.458400e+01
 -1.732730e+02 -1.469670e+01
 -1.731300e+02 -1.478480e+01
 -1.729390e+02 -1.486690e+01
 -1.727740e+02 -1.503300e+01
 -1.726020e+02 -1.515140e+01
 -1.724280e+02 -1.537340e+01
 -1.723550e+02 -1.556110e+01
 -1.723310e+02 -1.573200e+01
 -1.723000e+02 -1.604100e+01
 -1.723070e+02 -1.633190e+01
 -1.723110e+02 -1.671570e+01
 -1.723350e+02 -1.696290e+01
 -1.723740e+02 -1.727060e+01
 -1.724450e+02 -1.767660e+01
 -1.725400e+02 -1.793480e+01
 -1.725910e+02 -1.815230e+01
 -1.726980e+02 -1.848320e+01
 -1.727860e+02 -1.877690e+01
 -1.728740e+02 -1.907100e+01
 -1.729700e+02 -1.946080e+01
 -1.730530e+02 -1.977880e+01
 -1.732180e+02 -2.020400e+01
 -1.734030e+02 -2.058620e+01
 -1.735510e+02 -2.089260e+01
 -1.737030e+02 -2.124760e+01
 -1.738180e+02 -2.152630e+01
 -1.739520e+02 -2.191530e+01
 -1.741390e+02 -2.228980e+01
 -1.743230e+02 -2.261690e+01
 -1.744890e+02 -2.290580e+01
 -1.746630e+02 -2.322050e+01
 -1.748420e+02 -2.351260e+01
 -1.749850e+02 -2.374990e+01
> KE/PA                      Mueller et al. [1987]
 -1.749850e+02 -2.374990e+01
 -1.751020e+02 -2.407010e+01
 -1.752090e+02 -2.447190e+01
 -1.752290e+02 -2.483620e+01
 -1.752610e+02 -2.514250e+01
 -1.752970e+02 -2.542570e+01
 -1.753820e+02 -2.572950e+01
 -1.754150e+02 -2.602480e+01
 -1.754230e+02 -2.643720e+01
 -1.754000e+02 -2.685690e+01
 -1.755450e+02 -2.731800e+01
 -1.757850e+02 -2.778430e+01
 -1.758850e+02 -2.826380e+01
 -1.759950e+02 -2.869710e+01
 -1.760780e+02 -2.906530e+01
 -1.761530e+02 -2.946910e+01
 -1.763390e+02 -2.988080e+01
 -1.765470e+02 -3.032150e+01
 -1.766900e+02 -3.067790e+01
 -1.769190e+02 -3.103740e+01
 -1.771080e+02 -3.145170e+01
 -1.773010e+02 -3.179320e+01
 -1.775380e+02 -3.195740e+01
 -1.776490e+02 -3.220280e+01
 -1.776660e+02 -3.269590e+01
 -1.778100e+02 -3.319080e+01
 -1.779810e+02 -3.357950e+01
 -1.782080e+02 -3.384590e+01
 -1.782940e+02 -3.424130e+01
 -1.784130e+02 -3.448540e+01
 -1.785390e+02 -3.470580e+01
 -1.786410e+02 -3.502180e+01
 -1.790440e+02 -3.554230e+01
 -1.793710e+02 -3.617900e+01
 -1.798110e+02 -3.679300e+01
  1.798380e+02 -3.747580e+01
  1.795690e+02 -3.820450e+01
  1.793660e+02 -3.853800e+01
  1.792150e+02 -3.888850e+01
  1.791250e+02 -3.922960e+01
  1.789500e+02 -3.968480e+01
  1.787920e+02 -4.008700e+01
  1.785660e+02 -4.042400e+01
  1.782840e+02 -4.080710e+01
  1.780150e+02 -4.118790e+01
  1.776070e+02 -4.149970e+01
  1.771230e+02 -4.165660e+01
  1.766730e+02 -4.175600e+01
  1.760810e+02 -4.191000e+01
  1.755030e+02 -4.205930e+01
> SU/AU                      Mueller et al. [1987]
  1.208860e+02 -1.149250e+01
  1.204510e+02 -1.152380e+01
  1.198410e+02 -1.146160e+01
  1.192700e+02 -1.139320e+01
  1.187500e+02 -1.136210e+01
  1.182360e+02 -1.138690e+01
  1.175760e+02 -1.133720e+01
  1.168530e+02 -1.133100e+01
  1.161740e+02 -1.127500e+01
  1.155710e+02 -1.121890e+01
  1.150130e+02 -1.115050e+01
  1.144100e+02 -1.108820e+01
  1.137560e+02 -1.096360e+01
  1.132040e+02 -1.087020e+01
  1.125630e+02 -1.075800e+01
  1.121700e+02 -1.065200e+01
  1.115230e+02 -1.057720e+01
  1.110150e+02 -1.047730e+01
  1.106150e+02 -1.047730e+01
  1.101590e+02 -1.043990e+01
  1.096260e+02 -1.037130e+01
  1.090670e+02 -1.032760e+01
  1.083630e+02 -1.017770e+01
  1.078360e+02 -1.005280e+01
  1.073790e+02 -9.890280e+00
  1.068270e+02 -9.665170e+00
  1.063450e+02 -9.371050e+00
  1.061230e+02 -9.239560e+00
  1.055900e+02 -8.926280e+00
  1.049810e+02 -8.568800e+00
  1.045760e+02 -8.166570e+00
> EU/AF                      by Peter Bird   2002.03
  1.795990e+01  3.916960e+01
  1.806210e+01  3.900630e+01
  1.808570e+01  3.879410e+01
  1.803070e+01  3.851620e+01
  1.784470e+01  3.846150e+01
  1.777310e+01  3.828550e+01
  1.761170e+01  3.799290e+01
  1.741950e+01  3.770080e+01
  1.716760e+01  3.750260e+01
  1.682370e+01  3.739850e+01
  1.623650e+01  3.730880e+01
  1.583190e+01  3.727430e+01
  1.537510e+01  3.734010e+01
>
